0
0
0
0
0
0
0
0
0
0
0
0
0
0
0
0
0
0
0
0
0
0
0
0
0
0
0
0
0
0
0
0
0
0
0
0
0
0
0
0
0
0
0
0
0
0
0
0
0
0
0
0
0
0
0
0
0
0
0
0
0
0
0
0
0
0
0
0
0
0
0
0
0
0
0
0
0
0
0
0
0
0
0
0
0
0
0
0
0
0
0
0
0
0
0
0
0
0
0
0
0
0
0
0
0
0
0
0
0
0
0
0
0
0
0
0
0
0
0
0
0
0
0
0
0
0
0
0
0
0
0
0
0
0
0
0
0
0
0
0
0
0
0
0
0
0
0
0
0
0
0
0
0
0
0
0
0
0
0
0
0
0
0
0
0
0
0
0
0
0
0
0
0
0
0
0
0
0
0
0
0
0
0
0
0
0
0
0
0
0
0
0
0
0
0
0
0
0
0
0
0
0
0
0
0
0
0
0
0
0
0
0
0
0
0
0
0
0
0
0
0
0
0
0
0
0
0
0
0
0
0
0
0
0
0
0
0
0
0
0
0
0
0
0
0
0
0
0
0
0
0
0
1
0
1
0
0
0
0
0
0
0
0
0
0
0
0
0
1
0
0
0
0
0
0
1
0
0
0
0
0
1
2
0
0
0
0
1
2
1
0
0
1
0
0
0
0
0
1
0
2
0
0
1
1
0
1
0
0
1
4
0
4
2
2
0
2
1
1
2
0
2
2
4
2
1
1
4
3
1
4
1
1
2
4
2
1
5
3
0
3
3
3
2
6
6
4
12
2
2
6
8
7
5
8
7
9
4
2
7
14
7
10
8
3
9
15
6
7
13
9
6
9
6
7
8
7
11
13
6
13
10
10
11
11
10
17
9
23
16
18
28
28
21
24
23
31
21
20
27
25
28
14
25
28
32
22
21
21
13
27
21
23
21
37
39
29
18
20
28
30
38
41
32
33
40
37
34
40
39
34
42
48
56
67
60
53
62
51
60
68
64
68
64
63
71
68
72
69
70
48
63
66
67
67
71
63
68
70
47
80
88
74
76
69
77
85
77
90
79
107
99
115
94
121
150
114
106
118
160
109
129
132
157
162
148
140
135
145
139
175
142
157
139
137
140
146
135
145
134
170
149
164
156
183
164
153
192
159
189
192
196
193
185
181
186
211
220
230
272
253
262
265
275
263
311
301
290
290
305
300
275
256
283
285
295
259
301
305
319
296
308
278
325
296
273
294
286
294
340
322
329
275
337
336
351
390
340
356
393
417
397
436
444
413
457
488
475
463
488
472
464
517
501
513
506
471
493
478
502
486
522
446
501
499
485
491
499
511
537
526
494
477
499
511
536
540
515
573
599
566
610
641
602
621
691
661
684
670
684
671
735
777
729
763
773
755
762
751
722
809
713
735
704
747
789
776
753
738
725
810
757
709
753
750
748
793
819
785
838
823
829
841
851
915
937
940
950
925
949
937
987
1012
1014
1000
995
1049
1044
1059
1063
1121
1070
1144
1044
1095
1052
1068
1013
1080
1085
1073
1039
966
1121
1020
1005
1102
1146
1048
1078
1076
1117
1088
1123
1094
1153
1181
1138
1171
1214
1215
1238
1238
1238
1247
1318
1349
1292
1319
1356
1384
1394
1327
1374
1299
1454
1378
1300
1373
1352
1281
1278
1324
1395
1402
1366
1308
1372
1315
1348
1333
1379
1370
1331
1341
1404
1352
1381
1448
1469
1463
1473
1466
1534
1465
1585
1550
1550
1614
1535
1605
1626
1586
1648
1674
1729
1657
1643
1622
1652
1683
1663
1671
1656
1630
1625
1646
1609
1619
1568
1631
1600
1554
1542
1560
1593
1556
1517
1585
1623
1649
1646
1672
1682
1732
1677
1760
1745
1738
1798
1783
1881
1802
1822
1843
1869
1905
1886
1853
1836
1819
1900
1814
1797
1791
1853
1763
1803
1814
1767
1744
1796
1753
1706
1852
1769
1780
1738
1764
1744
1756
1740
1811
1819
1852
1828
1794
1858
1820
1811
1903
1937
1853
1960
1872
1931
1905
1925
1969
1967
1975
1917
1977
1971
1955
1972
2003
1917
1944
1958
1927
1892
1872
1842
1907
1887
1835
1831
1857
1819
1871
1872
1834
1823
1873
1863
1827
1824
1893
1914
1867
1880
1762
1918
1860
1925
1895
1956
1954
1973
1991
2026
1996
1971
1974
1981
1961
1955
1880
1893
1941
1900
1895
1926
1874
1851
1848
1807
1776
1871
1816
1831
1816
1747
1829
1753
1830
1834
1793
1795
1890
1795
1775
1800
1817
1918
1830
1818
1737
1850
1864
1857
1788
1844
1833
1815
1798
1878
1906
1825
1901
1772
1777
1725
1811
1806
1772
1751
1773
1754
1664
1722
1820
1700
1660
1710
1711
1687
1767
1688
1690
1747
1711
1737
1723
1607
1668
1748
1741
1643
1681
1778
1748
1709
1675
1698
1742
1689
1676
1649
1706
1678
1619
1667
1678
1634
1603
1571
1601
1633
1563
1582
1533
1590
1592
1622
1482
1580
1488
1520
1441
1487
1504
1460
1470
1415
1515
1460
1466
1464
1455
1472
1384
1470
1455
1446
1474
1465
1451
1455
1434
1495
1405
1451
1485
1405
1470
1369
1436
1388
1412
1433
1360
1398
1366
1392
1370
1301
1347
1352
1298
1274
1316
1240
1232
1240
1308
1233
1319
1264
1259
1208
1181
1233
1294
1266
1210
1262
1267
1243
1206
1193
1199
1296
1161
1200
1232
1151
1225
1180
1144
1102
1116
1114
1078
1076
1054
1108
1050
1086
1051
1128
1101
1055
1103
1040
1030
1016
1055
996
1028
1009
1042
976
1010
1030
973
1010
960
1004
927
993
1052
945
1005
928
913
946
960
901
910
968
938
918
900
916
903
906
872
890
845
870
858
872
839
856
785
811
824
820
797
807
781
830
778
823
807
769
782
796
778
748
748
746
705
729
742
749
723
745
767
724
693
665
698
686
719
703
641
702
679
630
702
648
655
614
637
652
614
634
567
616
632
587
586
623
583
571
578
555
583
576
593
542
567
587
544
555
559
567
532
507
514
514
512
519
502
502
499
495
447
470
469
462
466
505
479
430
462
473
427
445
419
479
442
436
471
445
412
466
429
440
441
393
398
428
413
353
339
394
376
347
388
380
319
366
349
353
312
304
333
321
346
330
321
332
355
336
317
301
317
321
313
304
274
287
263
310
313
276
249
254
275
270
249
287
241
280
270
265
258
256
244
213
219
247
213
204
227
239
232
237
197
230
209
175
223
182
197
187
182
192
178
176
183
183
181
170
167
144
160
166
160
153
158
172
172
144
163
137
145
152
146
147
141
139
154
137
119
132
130
131
115
111
110
135
122
115
100
116
99
109
113
96
102
96
103
101
98
80
92
81
93
90
81
92
78
91
70
82
89
77
81
58
55
81
60
60
59
67
67
72
63
79
71
58
64
56
54
34
68
64
56
56
40
57
39
55
48
58
36
35
40
46
34
42
35
41
31
36
53
32
45
48
29
25
35
30
34
43
30
31
31
27
31
25
26
19
26
19
30
21
14
23
21
13
17
28
23
22
26
11
19
22
16
22
20
15
18
20
12
11
13
16
15
11
17
10
10
9
17
12
10
15
8
12
9
9
9
13
10
13
5
13
9
9
7
12
6
4
7
6
9
6
9
9
10
4
6
7
5
4
3
6
4
7
8
5
5
4
4
3
3
6
1
4
7
5
3
3
5
5
2
3
6
4
5
4
6
4
2
3
2
0
3
1
1
1
2
2
4
3
0
1
3
3
2
1
0
1
2
1
1
0
1
0
2
3
2
1
1
2
0
1
1
1
1
0
1
3
2
1
0
1
0
1
1
0
0
1
0
0
0
1
0
2
0
1
1
0
0
1
0
0
0
0
1
1
0
0
0
1
0
0
0
0
0
1
0
1
0
0
0
0
0
0
0
0
0
2
0
1
0
0
0
0
0
0
0
0
0
0
0
0
0
0
0
0
0
0
0
1
0
0
0
0
0
0
0
1
0
0
0
0
0
0
0
0
0
0
0
0
0
0
0
0
0
1
0
0
0
0
0
0
0
0
0
0
0
1
0
0
0
0
0
0
0
0
0
0
0
0
2
0
0
0
0
0
0
0
0
0
0
0
0
0
0
0
0
0
0
0
0
0
0
0
0
0
0
0
0
0
0
0
0
0
0
0
0
0
0
0
0
0
0
0
0
0
0
0
0
0
0
0
1
0
0
0
0
0
0
0
0
0
0
0
0
0
0
0
0
0
0
0
0
0
0
0
0
0
0
0
0
0
0
0
0
0
0
0
0
0
0
0
0
0
0
0
0
0
0
0
0
0
0
0
0
0
0
0
0
0
0
0
0
0
0
0
0
0
0
0
0
0
0
0
0
0
0
0
0
0
0
0
0
0
0
0
0
0
0
0
0
0
0
0
0
0
0
0
0
0
0
0
0
0
0
0
0
0
0
0
0
0
0
0
0
0
0
0
0
0
0
0
0
0
0
0
0
0
0
0
0
0
0
0
0
0
0
0
0
0
0
0
0
0
0
0
0
0
0
0
0
0
0
0
0
0
0
0
0
0
0
0
0
0
0
0
0
0
0
0
0
0
0
0
0
0
0
0
0
0
0
0
0
0
0
0
0
0
0
0
0
0
0
0
0
0
0
0
0
0
0
0
0
0
0
0
0
0
0
0
0
0
0
0
0
0
0
0
0
0
0
0
0
0
0
0
0
0
0
0
0
0
0
0
0
0
0
0
0
0
0
0
0
0
0
0
0
0
0
0
0
0
0
0
0
0
0
0
0
0
0
0
0
0
0
0
0
0
0
0
0
0
0
0
0
0
0
0
0
0
0
0
0
0
0
0
0
0
0
0
0
0
0
0
0
0
0
0
0
0
0
0
0
0
0
0
0
0
0
0
0
0
0
0
0
0
0
0
0
0
0
0
0
0
0
0
0
0
0
0
0
0
0
0
0
0
0
0
0
0
0
0
0
0
0
0
0
0
0
0
0
0
0
0
0
0
0
0
0
0
0
0
0
0
0
0
0
0
0
0
0
0
0
0
0
0
0
0
0
0
0
0
0
0
0
0
0
0
0
0
0
0
0
0
0
0
0
0
0
0
0
0
0
0
0
0
0
0
0
0
0
0
0
0
0
0
0
0
0
0
0
0
0
0
0
0
0
0
0
0
0
0
0
0
0
0
0
0
0
0
0
0
0
0
0
0
0
0
0
0
0
0
0
0
0
0
0
0
0
0
0
0
0
0
0
0
0
0
0
0
0
0
0
0
0
0
0
0
0
0
0
0
0
0
0
0
0
0
0
0
0
0
0
0
0
0
0
0
0
0
0
0
0
0
0
0
0
0
0
0
0
0
0
0
0
0
0
0
0
0
0
0
0
0
0
0
0
0
0
0
0
0
0
0
0
0
0
0
0
0
0
0
0
0
0
0
0
0
0
0
0
0
0
0
0
0
0
0
0
0
0
0
0
0
0
0
0
0
0
0
0
0
0
0
0
0
0
0
0
0
0
0
0
0
0
0
0
0
0
0
0
0
0
0
0
0
0
0
0
0
0
0
0
0
0
0
0
0
0
0
0
0
0
0
0
0
0
0
0
0
0
0
0
0
0
0
0
0
0
0
0
0
0
0
0
0
0
0
0
0
0
0
0
0
0
0
0
0
0
0
0
0
0
0
0
0
0
0
0
0
0
0
0
0
0
0
0
0
0
0
0
0
0
0
0
0
0
0
0
0
0
0
0
0
0
0
0
0
0
0
0
0
0
0
0
0
0
0
0
0
0
0
0
0
0
0
0
0
0
0
0
0
0
0
0
0
0
0
0
0
0
0
0
0
0
0
0
0
0
0
0
0
0
0
0
0
0
0
0
0
0
0
0
0
0
0
0
0
0
0
0
0
0
0
0
0
0
0
0
0
0
0
0
0
0
0
0
0
0
0
0
0
0
0
0
0
0
0
0
0
0
0
0
0
0
0
0
0
0
0
0
0
0
0
0
0
0
0
0
0
0
0
0
0
0
0
0
0
0
0
0
0
0
0
0
0
0
0
0
0
0
0
0
0
0
0
0
0
0
0
0
0
0
0
0
0
0
0
0
0
0
0
0
0
0
0
0
0
0
0
0
0
0
0
0
0
0
0
0
0
0
0
0
0
0
0
0
0
0
0
0
0
0
0
0
0
0
0
0
0
0
0
0
0
0
0
0
0
0
0
0
0
0
0
0
0
0
0
0
0
0
0
0
0
0
0
0
0
0
0
0
0
0
0
0
0
0
0
0
0
0
0
0
0
0
0
0
0
0
0
0
0
0
0
0
0
0
0
0
0
0
0
0
0
0
0
0
0
0
0
0
0
0
0
0
0
0
0
0
0
0
0
0
0
0
0
0
0
0
0
0
0
0
0
0
0
0
0
0
0
0
0
0
0
0
0
0
0
0
0
0
0
0
0
0
0
0
0
0
0
0
0
0
0
0
0
0
0
0
0
0
0
0
0
0
0
0
0
0
0
0
0
0
0
0
0
0
0
0
0
0
0
0
0
0
0
0
0
0
0
0
0
0
0
0
0
0
0
0
0
0
0
0
0
0
0
0
0
0
0
0
0
0
0
0
0
0
0
0
0
0
0
0
0
0
0
0
0
0
0
0
0
0
0
0
0
0
0
0
0
0
0
0
0
0
0
0
0
0
0
0
0
0
0
0
0
0
0
0
0
0
0
0
0
0
0
0
0
0
0
0
0
0
0
0
0
0
0
0
0
0
0
0
0
0
0
0
0
0
0
0
0
0
0
0
0
0
0
0
0
0
0
0
0
0
0
0
0
0
0
0
0
0
0
0
0
0
0
0
0
0
0
0
0
0
0
0
0
0
0
0
0
0
0
0
0
0
0
0
0
0
0
0
0
0
0
0
0
0
0
0
0
0
0
0
0
0
0
0
0
0
0
0
0
0
0
0
0
0
0
0
0
0
0
0
0
0
0
0
0
0
0
0
0
0
0
0
0
0
0
0
0
0
0
0
0
0
0
0
0
0
0
0
0
0
0
0
0
0
0
0
0
0
0
0
0
0
0
0
0
0
0
0
0
0
0
0
0
0
0
0
0
0
0
0
0
0
0
0
0
0
0
0
0
0
0
0
0
0
0
0
0
0
0
0
0
0
0
0
0
0
0
0
0
0
0
0
0
0
0
0
0
0
0
0
0
0
0
0
0
0
0
0
0
0
0
0
0
0
0
0
0
0
0
0
0
0
0
0
0
0
0
0
0
0
0
0
0
0
0
0
0
0
0
0
0
0
0
0
0
0
0
0
0
0
0
0
0
0
0
0
0
0
0
0
0
0
0
0
0
0
0
0
0
0
0
0
0
0
0
0
0
0
0
0
0
0
0
0
0
0
0
0
0
0
0
0
0
0
0
0
0
0
0
0
0
0
0
0
0
0
0
0
0
0
0
0
0
0
0
0
0
0
0
0
0
0
0
0
0
0
0
0
0
0
0
0
0
0
0
0
0
0
0
0
0
0
0
0
0
0
0
0
0
0
0
0
0
0
0
0
0
0
0
0
0
0
0
0
0
0
0
0
0
0
0
0
0
0
0
0
0
0
0
0
0
0
0
0
0
0
0
0
0
0
0
0
0
0
0
0
0
0
0
0
0
0
0
0
0
0
0
0
0
0
0
0
0
0
0
0
0
0
0
0
0
0
0
0
0
0
0
0
0
0
0
0
0
0
0
0
0
0
0
0
0
0
0
0
0
0
0
0
0
0
0
0
0
0
0
0
0
0
0
0
0
0
0
0
0
0
0
0
0
0
0
0
0
0
0
0
0
0
0
0
0
0
0
0
0
0
0
0
0
0
0
0
0
0
0
0
0
0
0
0
0
0
0
0
0
0
0
0
0
0
0
0
0
0
0
0
0
0
0
0
0
0
0
0
0
0
0
0
0
0
0
0
0
0
0
0
0
0
0
0
0
0
0
0
0
0
0
0
0
0
0
0
0
0
0
0
0
0
0
0
0
0
0
0
0
0
0
0
0
0
0
0
0
0
0
0
0
0
0
0
0
0
0
0
0
0
0
0
0
0
0
0
0
0
0
0
0
0
0
0
0
0
0
0
0
0
0
0
0
0
0
0
0
0
0
0
0
0
0
0
0
0
0
0
0
0
0
0
0
0
0
0
0
0
0
0
0
0
0
0
0
0
0
0
0
0
0
0
0
0
0
0
0
0
0
0
0
0
0
0
0
0
0
0
0
0
0
0
0
0
0
0
0
0
0
0
0
0
0
0
0
0
0
0
0
0
0
0
0
0
0
0
0
0
0
0
0
0
0
0
0
0
0
0
0
0
0
0
0
0
0
0
0
0
0
0
0
0
0
0
0
0
0
0
0
0
0
0
0
0
0
0
0
0
0
0
0
0
0
0
0
0
0
0
0
0
0
0
0
0
0
0
0
0
0
0
0
0
0
0
0
0
0
0
0
0
0
0
0
0
0
0
0
0
0
0
0
0
0
0
0
0
0
0
0
0
0
0
0
0
0
0
0
0
0
0
0
0
0
0
0
0
0
0
0
0
0
0
0
0
0
0
0
0
0
0
0
0
0
0
0
0
0
0
0
0
0
0
0
0
0
0
0
0
0
0
0
0
0
0
0
0
0
0
0
0
0
0
0
0
0
0
0
0
0
0
0
0
0
0
0
0
0
0
0
0
0
0
0
0
0
0
0
0
0
0
0
0
0
0
0
0
0
0
0
0
0
0
0
0
0
0
0
0
0
0
0
0
0
0
0
0
0
0
0
0
0
0
0
0
0
0
0
0
0
0
0
0
0
0
0
0
0
0
0
0
0
0
0
0
0
0
0
0
0
0
0
0
0
0
0
0
0
0
0
0
0
0
0
0
0
0
0
0
0
0
0
0
0
0
0
0
0
0
0
0
0
0
0
0
0
0
0
0
0
0
0
0
0
0
0
0
0
0
0
0
0
0
0
0
0
0
0
0
0
0
0
0
0
0
0
0
0
0
0
0
0
0
0
0
0
0
0
0
0
0
0
0
0
0
0
0
0
0
0
0
0
0
0
0
0
0
0
0
0
0
0
0
0
0
0
0
0
0
0
0
0
0
0
0
0
0
0
0
0
0
0
0
0
0
0
0
0
0
0
0
0
0
0
0
0
0
0
0
0
0
0
0
0
0
0
0
0
0
0
0
0
0
0
0
0
0
0
0
0
0
0
0
0
0
0
0
0
0
0
0
0
0
0
0
0
0
0
0
0
0
0
0
0
0
0
0
0
0
0
0
0
0
0
0
0
0
0
0
0
0
0
0
0
0
0
0
0
0
0
0
0
0
0
0
0
0
0
0
0
0
0
0
0
0
0
0
0
0
0
0
0
0
0
0
0
0
0
0
0
0
0
0
0
0
0
0
0
0
0
0
0
0
0
0
0
0
0
0
0
0
0
0
0
0
0
0
0
0
0
0
0
0
0
0
0
0
0
0
0
0
0
0
0
0
0
0
0
0
0
0
0
0
0
0
0
0
0
0
0
0
0
0
0
0
0
0
0
0
0
0
0
0
0
0
0
0
0
0
0
0
0
0
0
0
0
0
0
0
0
0
0
0
0
0
0
0
0
0
0
0
0
0
