0
0
0
0
0
0
0
0
0
0
0
0
0
0
0
0
0
0
0
0
0
0
0
0
0
0
0
0
0
0
0
0
0
0
0
0
0
0
0
0
0
0
0
0
0
0
0
0
0
0
0
0
0
0
0
0
0
0
0
0
0
0
0
0
0
0
0
0
0
0
0
0
0
0
0
0
0
0
0
0
0
0
0
0
0
0
0
0
0
0
0
0
0
0
0
0
0
0
0
0
0
0
0
0
0
0
0
0
0
0
0
0
0
0
0
0
0
0
0
0
0
0
0
0
0
0
0
0
0
0
0
0
0
0
0
0
0
0
0
0
0
0
0
0
0
0
0
0
0
0
0
0
0
0
0
0
0
0
0
0
0
0
0
0
0
0
0
0
3
1
0
0
1
1
0
0
1
2
2
0
4
0
1
2
1
2
1
4
5
4
5
4
1
11
2
8
6
9
8
4
7
13
17
26
15
21
17
18
30
35
28
35
41
34
38
40
52
40
51
47
48
55
43
57
65
65
64
60
73
59
64
56
59
56
70
64
59
65
73
70
77
91
70
69
90
105
92
91
105
114
111
116
131
147
149
152
184
181
213
182
228
236
247
237
235
285
247
261
296
290
312
288
301
285
296
332
291
298
282
275
299
290
321
298
308
298
320
313
295
322
337
327
366
343
382
372
378
419
430
413
469
458
500
513
551
558
626
603
674
679
667
704
727
715
751
787
800
737
773
857
809
790
817
814
822
767
757
753
716
738
771
719
817
761
728
764
712
743
742
777
804
809
827
850
869
933
981
938
1024
1018
1120
1121
1153
1264
1181
1324
1311
1409
1417
1467
1471
1461
1454
1502
1579
1512
1528
1534
1516
1428
1461
1499
1468
1397
1397
1447
1351
1422
1386
1388
1251
1322
1369
1325
1313
1261
1312
1369
1367
1375
1471
1434
1432
1529
1551
1578
1694
1673
1788
1806
1825
1957
1963
1993
2120
2072
2180
2138
2149
2127
2185
2175
2243
2171
2218
2222
2262
2265
2227
2248
2102
2155
2016
1943
2019
1956
1991
1908
1889
1888
1924
1877
1927
1840
1959
1918
1895
1937
1968
1970
2115
2090
2107
2151
2205
2316
2370
2347
2443
2547
2455
2489
2603
2601
2694
2693
2833
2767
2677
2841
2685
2785
2708
2766
2591
2683
2595
2467
2517
2522
2507
2479
2284
2279
2224
2200
2312
2173
2292
2249
2191
2219
2126
2256
2289
2218
2196
2289
2289
2418
2555
2531
2483
2554
2563
2706
2700
2672
2758
2793
2905
2871
2789
2752
2917
2822
2846
2876
2882
2813
2801
2726
2799
2712
2628
2691
2522
2454
2511
2438
2495
2357
2345
2329
2412
2375
2270
2206
2296
2218
2296
2239
2310
2232
2210
2350
2339
2354
2442
2404
2493
2537
2568
2538
2670
2514
2685
2689
2673
2629
2688
2677
2662
2629
2583
2710
2644
2650
2555
2662
2474
2405
2384
2347
2407
2357
2274
2270
2226
2098
2190
2146
2161
2128
2078
2030
2122
1979
2095
2051
2022
2081
2160
2142
2130
2156
2084
2185
2059
2196
2275
2270
2251
2168
2243
2213
2179
2353
2288
2359
2272
2245
2315
2273
2205
2304
2090
2063
2154
2054
1990
2033
1921
1944
1896
1825
1805
1755
1706
1764
1686
1736
1768
1728
1620
1753
1702
1661
1688
1664
1716
1686
1698
1686
1745
1694
1756
1769
1732
1811
1713
1790
1839
1835
1775
1804
1779
1822
1743
1756
1699
1721
1672
1661
1656
1611
1569
1512
1587
1607
1502
1456
1459
1375
1377
1404
1348
1355
1405
1331
1356
1298
1337
1317
1290
1288
1255
1250
1234
1271
1239
1343
1287
1326
1246
1246
1313
1314
1257
1289
1266
1346
1283
1306
1317
1289
1213
1216
1203
1240
1162
1210
1141
1153
1114
1100
1070
1091
1021
1098
1051
1000
974
979
978
955
1014
902
922
933
939
950
956
899
919
884
940
910
929
869
902
902
904
920
925
890
893
867
849
858
868
853
826
828
834
859
745
819
808
764
765
730
703
771
734
704
704
697
654
660
592
658
631
614
624
592
594
560
638
611
567
625
573
595
614
609
616
569
613
572
568
553
537
604
565
530
570
530
566
557
539
487
519
479
470
543
499
457
432
474
475
437
414
420
451
433
387
431
389
426
418
427
377
386
378
405
378
401
360
337
391
358
387
347
367
364
331
381
353
342
310
318
362
341
311
332
328
291
327
351
318
318
309
311
305
300
257
310
272
261
257
235
244
240
224
215
240
236
222
230
235
210
188
209
220
214
239
210
218
204
212
194
249
208
220
179
188
206
192
197
195
189
181
189
193
186
178
177
189
230
182
171
177
161
188
143
167
165
159
159
149
136
141
127
130
130
127
131
132
128
142
118
125
141
121
123
124
136
117
130
132
108
125
125
106
106
109
98
83
100
99
105
118
98
97
96
100
96
112
96
90
96
93
109
99
81
69
72
73
77
66
77
64
80
79
66
85
75
67
75
72
69
60
68
67
55
73
47
70
50
53
63
66
60
56
64
54
40
70
54
56
43
54
35
58
61
50
54
52
47
51
48
45
44
29
47
44
33
43
36
36
31
38
42
35
48
28
46
30
29
42
25
49
30
29
31
27
30
30
40
29
33
26
20
25
33
21
22
39
29
18
27
19
28
15
19
29
28
16
23
19
20
27
25
17
24
21
15
13
21
22
22
22
20
27
16
16
20
18
10
17
18
9
18
9
12
16
15
18
16
19
14
19
11
15
10
12
18
12
12
11
13
11
14
14
9
5
9
8
5
9
5
7
6
8
17
3
7
6
7
16
12
8
8
7
8
9
3
6
9
6
5
4
7
6
13
10
2
5
6
3
5
8
3
7
5
3
4
6
6
4
5
6
5
3
5
6
2
5
5
2
4
5
6
2
3
3
4
5
2
4
2
2
4
4
3
1
5
0
2
5
2
1
2
5
4
5
4
2
4
0
3
5
6
4
2
4
2
1
3
0
4
5
6
5
0
3
3
3
1
1
1
2
0
2
3
1
2
2
0
2
4
3
1
1
3
0
1
2
1
0
1
3
1
1
0
2
1
1
0
4
2
1
0
1
1
0
0
1
0
0
2
1
0
0
0
0
1
1
1
0
0
1
0
0
2
3
1
1
0
1
0
1
0
1
1
0
0
2
0
0
1
1
1
2
0
0
0
0
0
0
0
0
0
0
1
0
0
0
1
1
1
0
3
1
0
0
0
1
0
0
1
0
0
0
1
0
1
1
0
0
0
0
0
0
0
0
0
1
0
0
0
0
0
0
0
0
0
0
0
0
0
1
0
0
0
0
0
0
0
0
0
0
0
0
0
0
0
0
0
0
0
0
0
0
0
0
0
0
0
0
0
0
0
0
0
0
0
0
0
0
0
0
0
0
0
0
0
0
0
0
0
0
0
0
0
0
0
0
0
0
0
0
0
0
0
0
0
0
0
0
0
0
0
0
0
0
0
0
0
0
0
0
0
0
0
0
0
0
0
0
0
0
0
0
0
0
0
0
0
0
0
0
0
0
0
0
0
0
0
0
0
0
0
0
0
0
0
0
0
0
0
0
0
0
0
0
0
0
0
0
0
0
0
0
0
0
0
0
0
0
0
0
0
0
0
0
0
0
0
0
0
0
0
0
0
0
0
0
0
0
0
0
0
0
0
0
0
0
0
0
0
0
0
0
0
0
0
0
0
0
0
0
0
0
0
0
0
0
0
0
0
0
0
0
0
0
0
0
0
0
0
0
0
0
0
0
0
0
0
0
0
0
0
0
0
0
0
0
0
0
0
0
0
0
0
0
0
0
0
0
0
0
0
0
0
0
0
0
0
0
0
0
0
0
0
0
0
0
0
0
0
0
0
0
0
0
0
0
0
0
0
0
0
0
0
0
0
0
0
0
0
0
0
0
0
0
0
0
0
0
0
0
0
0
0
0
0
0
0
0
0
0
0
0
0
0
0
0
0
0
0
0
0
0
0
0
0
0
0
0
0
0
0
0
0
0
0
0
0
0
0
0
0
0
0
0
0
0
0
0
0
0
0
0
0
0
0
0
0
0
0
0
0
0
0
0
0
0
0
0
0
0
0
0
0
0
0
0
0
0
0
0
0
0
0
0
0
0
0
0
0
0
0
0
0
0
0
0
0
0
0
0
0
0
0
0
0
0
0
0
0
0
0
0
0
0
0
0
0
0
0
0
0
0
0
0
0
0
0
0
0
0
0
0
0
0
0
0
0
0
0
0
0
0
0
0
0
0
0
0
0
0
0
0
0
0
0
0
0
0
0
0
0
0
0
0
0
0
0
0
0
0
0
0
0
0
0
0
0
0
0
0
0
0
0
0
0
0
0
0
0
0
0
0
0
0
0
0
0
0
0
0
0
0
0
0
0
0
0
0
0
0
0
0
0
0
0
0
0
0
0
0
0
0
0
0
0
0
0
0
0
0
0
0
0
0
0
0
0
0
0
0
0
0
0
0
0
0
0
0
0
0
0
0
0
0
0
0
0
0
0
0
0
0
0
0
0
0
0
0
0
0
0
0
0
0
0
0
0
0
0
0
0
0
0
0
0
0
0
0
0
0
0
0
0
0
0
0
0
0
0
0
0
0
0
0
0
0
0
0
0
0
0
0
0
0
0
0
0
0
0
0
0
0
0
0
0
0
0
0
0
0
0
0
0
0
0
0
0
0
0
0
0
0
0
0
0
0
0
0
0
0
0
0
0
0
0
0
0
0
0
0
0
0
0
0
0
0
0
0
0
0
0
0
0
0
0
0
0
0
0
0
0
0
0
0
0
0
0
0
0
0
0
0
0
0
0
0
0
0
0
0
0
0
0
0
0
0
0
0
0
0
0
0
0
0
0
0
0
0
0
0
0
0
0
0
0
0
0
0
0
0
0
0
0
0
0
0
0
0
0
0
0
0
0
0
0
0
0
0
0
0
0
0
0
0
0
0
0
0
0
0
0
0
0
0
0
0
0
0
0
0
0
0
0
0
0
0
0
0
0
0
0
0
0
0
0
0
0
0
0
0
0
0
0
0
0
0
0
0
0
0
0
0
0
0
0
0
0
0
0
0
0
0
0
0
0
0
0
0
0
0
0
0
0
0
0
0
0
0
0
0
0
0
0
0
0
0
0
0
0
0
0
0
0
0
0
0
0
0
0
0
0
0
0
0
0
0
0
0
0
0
0
0
0
0
0
0
0
0
0
0
0
0
0
0
0
0
0
0
0
0
0
0
0
0
0
0
0
0
0
0
0
0
0
0
0
0
0
0
0
0
0
0
0
0
0
0
0
0
0
0
0
0
0
0
0
0
0
0
0
0
0
0
0
0
0
0
0
0
0
0
0
0
0
0
0
0
0
0
0
0
0
0
0
0
0
0
0
0
0
0
0
0
0
0
0
0
0
0
0
0
0
0
0
0
0
0
0
0
0
0
0
0
0
0
0
0
0
0
0
0
0
0
0
0
0
0
0
0
0
0
0
0
0
0
0
0
0
0
0
0
0
0
0
0
0
0
0
0
0
0
0
0
0
0
0
0
0
0
0
0
0
0
0
0
0
0
0
0
0
0
0
0
0
0
0
0
0
0
0
0
0
0
0
0
0
0
0
0
0
0
0
0
0
0
0
0
0
0
0
0
0
0
0
0
0
0
0
0
0
0
0
0
0
0
0
0
0
0
0
0
0
0
0
0
0
0
0
0
0
0
0
0
0
0
0
0
0
0
0
0
0
0
0
0
0
0
0
0
0
0
0
0
0
0
0
0
0
0
0
0
0
0
0
0
0
0
0
0
0
0
0
0
0
0
0
0
0
0
0
0
0
0
0
0
0
0
0
0
0
0
0
0
0
0
0
0
0
0
0
0
0
0
0
0
0
0
0
0
0
0
0
0
0
0
0
0
0
0
0
0
0
0
0
0
0
0
0
0
0
0
0
0
0
0
0
0
0
0
0
0
0
0
0
0
0
0
0
0
0
0
0
0
0
0
0
0
0
0
0
0
0
0
0
0
0
0
0
0
0
0
0
0
0
0
0
0
0
0
0
0
0
0
0
0
0
0
0
0
0
0
0
0
0
0
0
0
0
0
0
0
0
0
0
0
0
0
0
0
0
0
0
0
0
0
0
0
0
0
0
0
0
0
0
0
0
0
0
0
0
0
0
0
0
0
0
0
0
0
0
0
0
0
0
0
0
0
0
0
0
0
0
0
0
0
0
0
0
0
0
0
0
0
0
0
0
0
0
0
0
0
0
0
0
0
0
0
0
0
0
0
0
0
0
0
0
0
0
0
0
0
0
0
0
0
0
0
0
0
0
0
0
0
0
0
0
0
0
0
0
0
0
0
0
0
0
0
0
0
0
0
0
0
0
0
0
0
0
0
0
0
0
0
0
0
0
0
0
0
0
0
0
0
0
0
0
0
0
0
0
0
0
0
0
0
0
0
0
0
0
0
0
0
0
0
0
0
0
0
0
0
0
0
0
0
0
0
0
0
0
0
0
0
0
0
0
0
0
0
0
0
0
0
0
0
0
0
0
0
0
0
0
0
0
0
0
0
0
0
0
0
0
0
0
0
0
0
0
0
0
0
0
0
0
0
0
0
0
0
0
0
0
0
0
0
0
0
0
0
0
0
0
0
0
0
0
0
0
0
0
0
0
0
0
0
0
0
0
0
0
0
0
0
0
0
0
0
0
0
0
0
0
0
0
0
0
0
0
0
0
0
0
0
0
0
0
0
0
0
0
0
0
0
0
0
0
0
0
0
0
0
0
0
0
0
0
0
0
0
0
0
0
0
0
0
0
0
0
0
0
0
0
0
0
0
0
0
0
0
0
0
0
0
0
0
0
0
0
0
0
0
0
0
0
0
0
0
0
0
0
0
0
0
0
0
0
0
0
0
0
0
0
0
0
0
0
0
0
0
0
0
0
0
0
0
0
0
0
0
0
0
0
0
0
0
0
0
0
0
0
0
0
0
0
0
0
0
0
0
0
0
0
0
0
0
0
0
0
0
0
0
0
0
0
0
0
0
0
0
0
0
0
0
0
0
0
0
0
0
0
0
0
0
0
0
0
0
0
0
0
0
0
0
0
0
0
0
0
0
0
0
0
0
0
0
0
0
0
0
0
0
0
0
0
0
0
0
0
0
0
0
0
0
0
0
0
0
0
0
0
0
0
0
0
0
0
0
0
0
0
0
0
0
0
0
0
0
0
0
0
0
0
0
0
0
0
0
0
0
0
0
0
0
0
0
0
0
0
0
0
0
0
0
0
0
0
0
0
0
0
0
0
0
0
0
0
0
0
0
0
0
0
0
0
0
0
0
0
0
0
0
0
0
0
0
0
0
0
0
0
0
0
0
0
0
0
0
0
0
0
0
0
0
0
0
0
0
0
0
0
0
0
0
0
0
0
0
0
0
0
0
0
0
0
0
0
0
0
0
0
0
0
0
0
0
0
0
0
0
0
0
0
0
0
0
0
0
0
0
0
0
0
0
0
0
0
0
0
0
0
0
0
0
0
0
0
0
0
0
0
0
0
0
0
0
0
0
0
0
0
0
0
0
0
0
0
0
0
0
0
0
0
0
0
0
0
0
0
0
0
0
0
0
0
0
0
0
0
0
0
0
0
0
0
0
0
0
0
0
0
0
0
0
0
0
0
0
0
0
0
0
0
0
0
0
0
0
0
0
0
0
0
0
0
0
0
0
0
0
0
0
0
0
0
0
0
0
0
0
0
0
0
0
0
0
0
0
0
0
0
0
0
0
0
0
0
0
0
0
0
0
0
0
0
0
0
0
0
0
0
0
0
0
0
0
0
0
0
0
0
0
0
0
0
0
0
0
0
0
0
0
0
0
0
0
0
0
0
0
0
0
0
0
0
0
0
0
0
0
0
0
0
0
0
0
0
0
0
0
0
0
0
0
0
0
0
0
0
0
0
0
0
0
0
0
0
0
0
0
0
0
0
0
0
0
0
0
0
0
0
0
0
0
0
0
0
0
0
0
0
0
0
0
0
0
0
0
0
0
0
0
0
0
0
0
0
0
0
0
0
0
0
0
0
0
0
0
0
0
0
0
0
0
0
0
0
0
0
0
0
0
0
0
0
0
0
0
0
0
0
0
0
0
0
0
0
0
0
0
0
0
0
0
0
0
0
0
0
0
0
0
0
0
0
0
0
0
0
0
0
0
0
0
0
0
0
0
0
0
0
0
0
0
0
0
0
0
0
0
0
0
0
0
0
0
0
0
0
0
0
0
0
0
0
0
0
0
0
0
0
0
0
0
0
0
0
0
0
0
0
0
0
0
0
0
0
0
0
0
0
0
0
0
0
0
0
0
0
0
0
0
0
0
0
0
0
0
0
0
0
0
0
0
0
0
0
0
0
0
0
0
0
0
0
0
0
0
0
0
0
0
0
0
0
0
0
0
0
0
0
0
0
0
0
0
0
0
0
0
0
0
0
0
0
0
0
0
0
0
0
0
0
0
0
0
0
0
0
0
0
0
0
0
0
0
0
0
0
0
0
0
0
0
0
0
0
0
0
0
0
0
0
0
0
0
0
0
0
0
0
0
0
0
0
0
0
0
0
0
0
0
0
0
0
0
0
0
0
0
0
0
0
0
0
0
0
0
0
0
0
0
0
0
0
0
0
0
0
0
0
0
0
0
0
0
0
0
0
0
0
0
0
0
0
0
0
0
0
0
0
0
0
0
0
0
0
0
0
0
0
0
0
0
0
0
0
0
0
0
0
0
0
0
0
0
0
0
0
0
0
0
0
0
0
0
0
0
0
0
0
0
0
0
0
0
0
0
0
0
0
0
0
0
0
0
0
0
0
0
0
0
0
0
0
0
0
0
0
0
0
0
0
0
0
0
0
0
0
0
0
0
0
0
0
0
0
0
0
0
0
0
0
0
0
0
0
0
0
0
0
0
0
0
0
0
0
0
0
0
0
0
0
0
0
0
0
0
0
0
0
0
0
0
0
0
0
0
0
0
0
0
0
0
0
0
0
0
0
0
0
0
0
0
0
0
0
0
0
0
0
0
0
0
0
0
0
0
0
0
0
0
0
0
0
0
0
0
0
0
0
0
0
0
0
0
0
0
0
0
0
0
0
0
0
0
0
0
0
0
0
0
0
0
0
0
0
0
0
0
0
0
0
0
0
0
0
0
0
0
0
0
0
0
0
0
0
0
0
0
0
0
0
0
0
0
0
0
0
0
0
0
0
0
0
0
0
0
0
0
0
0
0
0
0
0
0
0
0
0
0
0
0
0
0
0
0
0
0
0
0
0
0
0
0
0
0
0
0
0
0
0
0
0
0
0
0
0
0
0
0
0
0
0
0
0
0
0
0
0
0
0
0
0
0
0
0
0
0
0
0
0
0
0
0
0
0
0
0
0
0
0
0
0
0
0
0
0
0
0
0
0
0
0
0
0
0
0
0
0
0
0
0
0
0
0
0
0
0
0
0
0
0
0
0
0
0
0
0
0
0
0
0
0
0
0
0
0
0
0
0
0
0
0
0
0
0
0
0
0
0
0
0
0
