0
0
0
0
0
0
0
0
0
0
0
0
0
0
0
0
0
0
0
0
0
0
0
0
0
0
0
0
0
0
0
0
0
0
0
0
0
0
0
0
0
0
0
0
0
0
0
0
0
0
0
0
0
0
0
0
0
0
0
0
0
0
0
0
0
0
0
0
0
0
0
0
0
0
0
0
0
0
0
0
0
0
0
0
0
0
0
0
0
0
0
0
0
0
0
0
0
0
0
0
0
0
0
0
0
0
0
0
0
0
0
0
0
0
0
0
0
0
0
0
0
0
0
0
0
0
0
0
0
0
0
0
0
0
0
0
0
0
0
0
0
0
0
0
0
0
0
0
0
0
0
0
0
0
0
0
0
0
0
0
0
0
0
0
0
0
0
0
0
0
0
0
0
0
0
0
0
0
0
0
0
0
0
0
0
0
0
0
0
0
0
0
0
0
0
0
0
0
0
0
0
0
0
0
0
0
0
0
0
0
0
0
0
0
0
0
0
0
0
0
0
0
0
0
0
0
0
0
0
0
0
0
0
0
0
0
0
0
0
0
0
0
0
1
0
0
0
0
0
0
0
0
0
0
0
0
0
0
0
0
0
0
0
0
0
0
0
0
0
0
0
0
0
1
0
0
0
0
1
0
0
0
0
0
1
0
0
0
0
1
0
0
0
0
1
0
0
0
0
0
0
0
0
0
0
1
0
0
0
0
0
0
0
0
0
0
0
0
0
0
0
0
0
0
1
0
0
0
1
0
1
1
1
1
0
0
0
1
2
0
0
1
1
1
2
0
0
3
1
0
3
2
0
2
1
3
0
3
1
1
1
0
0
0
1
2
1
1
1
3
2
0
4
1
3
4
3
1
1
2
1
3
0
6
4
2
0
5
3
2
4
5
2
7
3
7
5
3
5
9
3
4
2
10
5
6
4
3
5
6
3
4
8
8
3
6
8
2
9
6
3
10
8
7
11
6
5
6
9
12
6
7
11
10
14
7
16
9
14
14
15
18
16
17
22
21
29
13
17
16
12
17
27
11
19
10
14
20
15
24
15
14
26
22
18
15
27
22
21
20
25
31
13
25
39
32
27
33
31
32
42
30
32
37
34
31
43
39
54
44
37
39
50
38
50
37
52
47
40
48
32
50
35
36
39
69
48
42
42
47
52
48
55
58
62
48
72
66
51
63
79
86
76
92
86
87
74
85
94
78
84
103
75
93
85
95
87
108
85
94
101
99
104
100
98
86
105
99
107
104
110
90
122
103
122
113
135
102
106
122
131
132
136
114
138
132
161
129
168
158
163
174
173
154
174
178
198
207
188
207
170
187
182
177
182
190
184
186
195
184
189
186
183
198
217
199
178
222
209
243
207
234
228
215
260
245
253
265
269
265
297
323
297
281
277
328
318
301
283
305
307
324
321
312
320
358
359
359
329
336
329
307
343
340
339
355
338
368
393
372
347
362
353
355
421
389
372
408
430
412
404
441
414
411
454
452
464
475
457
498
462
504
488
493
501
471
509
490
518
525
538
484
528
524
502
524
509
532
545
543
511
532
545
523
535
531
541
541
588
615
603
607
599
619
670
617
651
676
696
687
691
717
671
716
725
694
759
747
782
733
814
742
721
734
779
776
803
753
754
797
820
770
766
726
747
786
803
769
780
848
781
811
859
836
818
862
911
861
834
881
936
924
950
986
1000
891
982
956
963
989
979
1053
1031
1018
1036
1035
1021
1035
1084
999
1031
1006
1076
1047
1042
1074
1031
1003
1080
1027
1067
1017
1077
1117
1051
1114
1108
1097
1129
1078
1097
1177
1174
1197
1145
1185
1238
1207
1204
1291
1266
1209
1206
1278
1266
1305
1284
1272
1324
1299
1258
1306
1306
1324
1291
1293
1251
1271
1335
1326
1266
1363
1336
1365
1321
1376
1281
1280
1288
1337
1342
1457
1322
1319
1454
1374
1369
1432
1405
1444
1447
1445
1487
1489
1491
1497
1566
1577
1543
1573
1559
1614
1579
1535
1560
1537
1608
1540
1597
1535
1556
1559
1468
1576
1568
1490
1566
1499
1413
1473
1603
1511
1543
1498
1569
1583
1583
1640
1589
1571
1630
1618
1638
1725
1581
1695
1714
1719
1665
1727
1730
1737
1707
1685
1683
1741
1652
1745
1650
1777
1759
1630
1690
1774
1676
1629
1653
1651
1711
1599
1651
1622
1790
1698
1702
1660
1764
1723
1695
1745
1737
1735
1763
1700
1696
1788
1732
1680
1751
1744
1712
1871
1863
1824
1827
1756
1827
1819
1847
1792
1842
1861
1813
1780
1808
1839
1775
1755
1805
1731
1825
1809
1750
1734
1738
1783
1723
1764
1769
1699
1754
1698
1735
1733
1740
1738
1724
1774
1810
1754
1816
1834
1831
1842
1868
1760
1860
1744
1795
1832
1821
1861
1841
1862
1784
1801
1841
1772
1760
1917
1802
1784
1775
1756
1820
1810
1692
1796
1701
1689
1710
1692
1765
1805
1720
1712
1706
1707
1694
1700
1791
1723
1704
1795
1717
1812
1814
1800
1860
1763
1766
1665
1757
1789
1835
1706
1772
1685
1719
1746
1674
1684
1762
1678
1693
1693
1677
1665
1599
1708
1663
1579
1636
1665
1673
1658
1652
1607
1681
1671
1616
1624
1606
1623
1653
1648
1596
1681
1598
1627
1603
1609
1611
1656
1631
1674
1638
1598
1508
1665
1556
1608
1518
1574
1604
1580
1528
1516
1512
1610
1553
1496
1486
1487
1523
1457
1533
1521
1418
1423
1474
1432
1512
1561
1466
1438
1379
1476
1454
1497
1416
1427
1458
1434
1404
1419
1422
1385
1427
1407
1348
1376
1369
1473
1366
1357
1329
1380
1422
1352
1342
1355
1299
1287
1318
1254
1272
1344
1202
1301
1277
1267
1226
1231
1223
1317
1275
1163
1206
1259
1262
1242
1198
1234
1280
1221
1286
1260
1229
1208
1174
1187
1181
1227
1103
1169
1190
1178
1217
1211
1070
1162
1077
1111
1153
1115
1094
1103
1039
1051
1024
1092
1026
1037
1024
1063
1009
1053
1001
1015
998
1024
978
986
973
976
1000
953
956
967
1003
909
885
949
897
927
900
966
904
876
856
881
921
849
863
844
844
844
834
855
835
834
828
766
793
781
785
799
761
781
773
789
762
720
742
750
732
705
662
742
675
678
683
674
658
661
652
644
577
685
655
643
649
641
587
614
541
571
572
569
561
566
531
533
571
529
569
554
551
494
522
528
525
462
495
486
474
479
513
451
424
443
456
437
448
401
423
441
409
433
388
412
413
398
405
397
400
391
384
389
350
383
361
311
361
363
302
330
326
354
301
298
309
289
326
327
305
286
306
273
274
280
280
264
272
258
252
247
224
222
233
244
252
223
191
236
184
191
203
208
204
193
204
170
172
193
183
170
180
166
196
175
156
178
161
190
160
160
135
126
139
142
146
132
148
138
140
139
113
120
119
96
107
128
111
105
106
105
81
104
89
79
104
96
101
86
93
105
82
93
84
74
60
86
65
67
72
89
62
71
70
46
61
62
55
50
41
77
53
74
57
49
48
58
48
44
55
51
43
53
45
45
29
48
36
25
39
27
40
33
46
36
30
43
33
34
32
35
23
20
23
18
34
26
32
33
26
29
18
24
20
21
15
23
22
17
27
27
8
13
19
13
12
13
17
8
14
10
17
15
6
17
13
14
16
13
11
3
12
8
11
3
7
9
7
6
10
6
4
10
9
5
11
5
6
6
8
7
7
7
6
4
9
9
2
3
6
9
8
4
0
3
4
3
3
4
9
5
3
3
4
2
5
4
2
3
2
1
2
1
2
2
4
4
5
2
3
0
1
2
2
3
1
2
1
3
4
1
0
0
2
0
1
1
3
3
3
0
0
1
2
2
0
1
0
0
1
3
2
1
0
1
0
1
0
2
1
1
2
1
0
0
0
1
0
0
0
1
1
1
0
0
0
0
2
0
0
0
0
0
0
1
0
1
0
0
0
0
0
0
0
0
0
0
0
0
0
0
0
0
0
0
0
0
0
0
0
0
0
0
0
0
1
0
0
1
0
0
0
0
0
0
0
0
0
0
0
0
0
0
0
0
0
0
0
0
0
0
0
0
0
0
0
0
0
0
0
0
0
0
0
0
0
0
0
0
0
0
0
0
0
0
0
0
0
0
0
0
0
0
0
0
0
0
0
0
0
0
0
0
0
0
0
0
0
0
0
0
0
0
0
0
0
0
0
0
0
0
0
0
0
0
0
0
0
0
0
0
0
0
0
0
0
0
0
0
0
0
0
0
0
0
0
0
0
0
0
0
0
0
0
0
0
0
0
0
0
0
0
0
0
0
0
0
0
0
0
0
0
0
0
0
0
0
0
0
0
0
0
0
0
0
0
0
0
0
0
0
0
0
0
0
0
0
0
0
0
0
0
0
0
0
0
0
0
0
0
0
0
0
0
0
0
0
0
0
0
0
0
0
0
0
0
0
0
0
0
0
0
0
0
0
0
0
0
0
0
0
0
0
0
0
0
0
0
0
0
0
0
0
0
0
0
0
0
0
0
0
0
0
0
0
0
0
0
0
0
0
0
0
0
0
0
0
0
0
0
0
0
0
0
0
0
0
0
0
0
0
0
0
0
0
0
0
0
0
0
0
0
0
0
0
0
0
0
0
0
0
0
0
0
0
0
0
0
0
0
0
0
0
0
0
0
0
0
0
0
0
0
0
0
0
0
0
0
0
0
0
0
0
0
0
0
0
0
0
0
0
0
0
0
0
0
0
0
0
0
0
0
0
0
0
0
0
0
0
0
0
0
0
0
0
0
0
0
0
0
0
0
0
0
0
0
0
0
0
0
0
0
0
0
0
0
0
0
0
0
0
0
0
0
0
0
0
0
0
0
0
0
0
0
0
0
0
0
0
0
0
0
0
0
0
0
0
0
0
0
0
0
0
0
0
0
0
0
0
0
0
0
0
0
0
0
0
0
0
0
0
0
0
0
0
0
0
0
0
0
0
0
0
0
0
0
0
0
0
0
0
0
0
0
0
0
0
0
0
0
0
0
0
0
0
0
0
0
0
0
0
0
0
0
0
0
0
0
0
0
0
0
0
0
0
0
0
0
0
0
0
0
0
0
0
0
0
0
0
0
0
0
0
0
0
0
0
0
0
0
0
0
0
0
0
0
0
0
0
0
0
0
0
0
0
0
0
0
0
0
0
0
0
0
0
0
0
0
0
0
0
0
0
0
0
0
0
0
0
0
0
0
0
0
0
0
0
0
0
0
0
0
0
0
0
0
0
0
0
0
0
0
0
0
0
0
0
0
0
0
0
0
0
0
0
0
0
0
0
0
0
0
0
0
0
0
0
0
0
0
0
0
0
0
0
0
0
0
0
0
0
0
0
0
0
0
0
0
0
0
0
0
0
0
0
0
0
0
0
0
0
0
0
0
0
0
0
0
0
0
0
0
0
0
0
0
0
0
0
0
0
0
0
0
0
0
0
0
0
0
0
0
0
0
0
0
0
0
0
0
0
0
0
0
0
0
0
0
0
0
0
0
0
0
0
0
0
0
0
0
0
0
0
0
0
0
0
0
0
0
0
0
0
0
0
0
0
0
0
0
0
0
0
0
0
0
0
0
0
0
0
0
0
0
0
0
0
0
0
0
0
0
0
0
0
0
0
0
0
0
0
0
0
0
0
0
0
0
0
0
0
0
0
0
0
0
0
0
0
0
0
0
0
0
0
0
0
0
0
0
0
0
0
0
0
0
0
0
0
0
0
0
0
0
0
0
0
0
0
0
0
0
0
0
0
0
0
0
0
0
0
0
0
0
0
0
0
0
0
0
0
0
0
0
0
0
0
0
0
0
0
0
0
0
0
0
0
0
0
0
0
0
0
0
0
0
0
0
0
0
0
0
0
0
0
0
0
0
0
0
0
0
0
0
0
0
0
0
0
0
0
0
0
0
0
0
0
0
0
0
0
0
0
0
0
0
0
0
0
0
0
0
0
0
0
0
0
0
0
0
0
0
0
0
0
0
0
0
0
0
0
0
0
0
0
0
0
0
0
0
0
0
0
0
0
0
0
0
0
0
0
0
0
0
0
0
0
0
0
0
0
0
0
0
0
0
0
0
0
0
0
0
0
0
0
0
0
0
0
0
0
0
0
0
0
0
0
0
0
0
0
0
0
0
0
0
0
0
0
0
0
0
0
0
0
0
0
0
0
0
0
0
0
0
0
0
0
0
0
0
0
0
0
0
0
0
0
0
0
0
0
0
0
0
0
0
0
0
0
0
0
0
0
0
0
0
0
0
0
0
0
0
0
0
0
0
0
0
0
0
0
0
0
0
0
0
0
0
0
0
0
0
0
0
0
0
0
0
0
0
0
0
0
0
0
0
0
0
0
0
0
0
0
0
0
0
0
0
0
0
0
0
0
0
0
0
0
0
0
0
0
0
0
0
0
0
0
0
0
0
0
0
0
0
0
0
0
0
0
0
0
0
0
0
0
0
0
0
0
0
0
0
0
0
0
0
0
0
0
0
0
0
0
0
0
0
0
0
0
0
0
0
0
0
0
0
0
0
0
0
0
0
0
0
0
0
0
0
0
0
0
0
0
0
0
0
0
0
0
0
0
0
0
0
0
0
0
0
0
0
0
0
0
0
0
0
0
0
0
0
0
0
0
0
0
0
0
0
0
0
0
0
0
0
0
0
0
0
0
0
0
0
0
0
0
0
0
0
0
0
0
0
0
0
0
0
0
0
0
0
0
0
0
0
0
0
0
0
0
0
0
0
0
0
0
0
0
0
0
0
0
0
0
0
0
0
0
0
0
0
0
0
0
0
0
0
0
0
0
0
0
0
0
0
0
0
0
0
0
0
0
0
0
0
0
0
0
0
0
0
0
0
0
0
0
0
0
0
0
0
0
0
0
0
0
0
0
0
0
0
0
0
0
0
0
0
0
0
0
0
0
0
0
0
0
0
0
0
0
0
0
0
0
0
0
0
0
0
0
0
0
0
0
0
0
0
0
0
0
0
0
0
0
0
0
0
0
0
0
0
0
0
0
0
0
0
0
0
0
0
0
0
0
0
0
0
0
0
0
0
0
0
0
0
0
0
0
0
0
0
0
0
0
0
0
0
0
0
0
0
0
0
0
0
0
0
0
0
0
0
0
0
0
0
0
0
0
0
0
0
0
0
0
0
0
0
0
0
0
0
0
0
0
0
0
0
0
0
0
0
0
0
0
0
0
0
0
0
0
0
0
0
0
0
0
0
0
0
0
0
0
0
0
0
0
0
0
0
0
0
0
0
0
0
0
0
0
0
0
0
0
0
0
0
0
0
0
0
0
0
0
0
0
0
0
0
0
0
0
0
0
0
0
0
0
0
0
0
0
0
0
0
0
0
0
0
0
0
0
0
0
0
0
0
0
0
0
0
0
0
0
0
0
0
0
0
0
0
0
0
0
0
0
0
0
0
0
0
0
0
0
0
0
0
0
0
0
0
0
0
0
0
0
0
0
0
0
0
0
0
0
0
0
0
0
0
0
0
0
0
0
0
0
0
0
0
0
0
0
0
0
0
0
0
0
0
0
0
0
0
0
0
0
0
0
0
0
0
0
0
0
0
0
0
0
0
0
0
0
0
0
0
0
0
0
0
0
0
0
0
0
0
0
0
0
0
0
0
0
0
0
0
0
0
0
0
0
0
0
0
0
0
0
0
0
0
0
0
0
0
0
0
0
0
0
0
0
0
0
0
0
0
0
0
0
0
0
0
0
0
0
0
0
0
0
0
0
0
0
0
0
0
0
0
0
0
0
0
0
0
0
0
0
0
0
0
0
0
0
0
0
0
0
0
0
0
0
0
0
0
0
0
0
0
0
0
0
0
0
0
0
0
0
0
0
0
0
0
0
0
0
0
0
0
0
0
0
0
0
0
0
0
0
0
0
0
0
0
0
0
0
0
0
0
0
0
0
0
0
0
0
0
0
0
0
0
0
0
0
0
0
0
0
0
0
0
0
0
0
0
0
0
0
0
0
0
0
0
0
0
0
0
0
0
0
0
0
0
0
0
0
0
0
0
0
0
0
0
0
0
0
0
0
0
0
0
0
0
0
0
0
0
0
0
0
0
0
0
0
0
0
0
0
0
0
0
0
0
0
0
0
0
0
0
0
0
0
0
0
0
0
0
0
0
0
0
0
0
0
0
0
0
0
0
0
0
0
0
0
0
0
0
0
0
0
0
0
0
0
0
0
0
0
0
0
0
0
0
0
0
0
0
0
0
0
0
0
0
0
0
0
0
0
0
0
0
0
0
0
0
0
0
0
0
0
0
0
0
0
0
0
0
0
0
0
0
0
0
0
0
0
0
0
0
0
0
0
0
0
0
0
0
0
0
0
0
0
0
0
0
0
0
0
0
0
0
0
0
0
0
0
0
0
0
0
0
0
0
0
0
0
0
0
0
0
0
0
0
0
0
0
0
0
0
0
0
0
0
0
0
0
0
0
0
0
0
0
0
0
0
0
0
0
0
0
0
0
0
0
0
0
0
0
0
0
0
0
0
0
0
0
0
0
0
0
0
0
0
0
0
0
0
0
0
0
0
0
0
0
0
0
0
0
0
0
0
0
0
0
0
0
0
0
0
0
0
0
0
0
0
0
0
0
0
0
0
0
0
0
0
0
0
0
0
0
0
0
0
0
0
0
0
0
0
0
0
0
0
0
0
0
0
0
0
0
0
0
0
0
0
0
0
0
0
0
0
0
0
0
0
0
0
0
0
0
0
0
0
0
0
0
0
0
0
0
0
0
0
0
0
0
0
0
0
0
0
0
0
0
0
0
0
0
0
0
0
0
0
0
0
0
0
0
0
0
0
0
0
0
0
0
0
0
0
0
0
0
0
0
0
0
0
0
0
0
0
0
0
0
0
0
0
0
0
0
0
0
0
0
0
0
0
0
0
0
0
0
0
0
0
0
0
0
0
0
0
0
0
0
0
0
0
0
0
0
0
0
0
0
0
0
0
0
0
0
0
0
0
0
0
0
0
0
0
0
0
0
0
0
0
0
0
0
0
0
0
0
0
0
0
0
0
0
0
0
0
0
0
0
0
0
0
0
0
0
0
0
0
0
0
0
0
0
0
0
0
0
0
0
0
0
0
0
0
0
0
0
0
0
0
0
0
0
0
0
0
0
0
0
0
0
0
0
0
0
0
0
0
0
0
0
0
0
0
0
0
0
0
0
0
0
0
0
0
0
0
0
0
0
0
0
0
0
0
0
0
0
0
0
0
0
0
0
0
0
0
0
0
0
0
0
0
0
0
0
0
0
0
0
0
0
0
0
0
0
0
0
0
0
0
0
0
0
0
0
0
0
0
0
0
0
0
0
0
0
0
0
0
0
0
0
0
0
0
0
0
0
0
0
0
0
0
0
0
0
0
0
0
0
0
0
0
0
0
0
0
0
0
0
0
0
0
0
0
0
0
0
0
0
0
0
0
0
0
0
0
0
0
0
0
0
0
0
0
0
0
0
0
0
0
0
0
0
0
0
0
0
0
0
0
0
0
0
0
0
0
0
0
0
0
0
0
0
0
0
0
0
0
0
0
0
0
0
0
0
0
0
0
0
0
0
0
0
0
0
0
0
0
