0
0
0
0
0
0
0
0
0
0
0
0
0
0
0
0
0
0
0
0
0
0
0
0
0
0
0
0
0
0
0
0
0
0
0
0
0
0
0
0
0
0
0
0
0
0
0
0
0
0
0
0
0
0
0
0
0
0
0
0
0
0
0
0
0
0
0
0
0
0
0
0
0
0
0
0
0
0
0
0
0
0
0
0
0
0
0
0
0
0
0
0
0
0
0
0
0
0
0
0
0
0
0
0
0
0
0
0
0
0
0
0
0
0
0
0
0
0
0
0
0
0
0
0
0
0
0
0
0
0
0
0
0
0
0
0
0
0
0
0
0
0
0
0
0
0
0
0
0
0
0
0
0
0
0
0
0
0
0
0
0
0
0
0
0
0
0
0
0
0
0
0
0
0
0
0
0
0
0
0
0
0
0
0
0
0
0
0
0
0
0
0
0
0
0
0
0
0
0
0
0
0
0
0
0
0
0
0
0
0
0
0
0
0
0
0
0
0
0
0
0
0
0
0
0
0
0
0
0
0
0
0
0
0
0
0
0
0
0
0
0
0
0
0
0
0
0
0
0
0
0
0
0
0
0
0
0
0
0
0
0
0
0
0
0
0
0
0
0
0
0
0
0
0
0
0
0
0
0
0
0
0
0
0
0
0
0
0
0
0
0
0
0
0
0
0
0
0
1
1
0
1
0
0
0
0
0
0
0
0
0
1
0
0
1
0
0
0
0
0
1
0
0
0
0
1
1
0
1
0
0
3
0
0
1
0
1
0
0
1
0
0
1
0
1
1
0
2
0
1
1
3
1
1
1
2
2
0
0
0
3
0
1
0
2
0
1
1
2
1
3
2
1
4
2
2
1
1
0
2
1
2
4
0
4
2
1
1
0
2
2
2
1
0
1
1
4
2
2
3
4
3
1
0
5
2
3
5
2
2
3
4
4
2
6
6
4
4
5
4
9
2
8
4
3
7
7
5
5
7
5
2
9
5
2
7
3
6
7
5
6
6
3
5
9
2
6
4
10
12
11
4
8
8
13
10
8
10
2
8
4
9
12
14
11
10
14
8
8
11
9
14
11
13
11
9
13
14
19
9
8
10
17
10
11
23
14
16
14
17
16
13
13
16
15
15
16
11
26
22
16
15
21
26
16
15
20
14
32
20
24
23
29
35
26
30
23
26
31
29
21
37
21
27
31
32
36
37
30
41
33
17
32
35
33
32
24
31
36
34
41
36
46
29
29
37
43
36
43
38
43
44
29
40
36
40
36
39
46
50
48
56
51
63
48
46
56
61
59
41
53
60
59
62
66
57
65
67
61
60
83
59
66
69
59
54
61
66
82
70
75
77
68
63
77
87
91
71
73
90
84
71
99
101
86
84
96
93
100
83
97
117
118
105
122
119
113
110
104
124
120
125
126
124
104
139
128
131
122
132
133
122
133
149
120
141
123
150
132
106
144
127
135
160
127
143
142
142
139
147
141
151
143
170
162
170
141
159
153
147
158
175
191
163
208
179
189
214
198
185
183
183
229
200
221
205
220
240
223
217
217
231
222
205
225
219
221
224
240
243
256
244
222
249
248
239
228
240
244
240
254
223
258
254
245
240
270
260
288
295
257
302
257
278
272
315
312
316
292
314
284
318
291
315
344
324
322
331
321
336
338
334
367
324
339
358
355
354
341
361
349
388
367
361
339
366
327
401
378
377
362
371
376
387
385
397
414
399
393
366
404
382
410
451
353
429
442
430
453
490
452
459
460
468
466
538
509
480
480
492
528
539
455
506
492
529
528
507
531
545
537
501
527
532
526
502
553
522
513
540
551
605
587
533
533
533
554
537
547
590
586
569
577
560
578
563
611
624
628
608
637
647
622
680
668
610
660
664
636
647
666
722
725
714
640
702
720
660
700
648
657
710
710
716
683
725
675
723
776
667
732
690
748
764
674
673
728
691
746
784
724
777
779
804
754
797
823
821
820
809
817
801
804
812
863
841
887
827
830
848
827
870
899
867
906
910
896
859
877
937
911
848
856
952
877
883
934
890
918
921
856
889
931
909
900
880
914
932
944
989
912
947
941
952
988
878
1041
978
959
1000
1027
994
1052
1050
1010
988
1053
1089
1029
1045
1090
1095
1013
1037
1028
1059
1081
1083
1052
1097
1081
1150
1057
1050
1082
1150
1088
1137
1103
1053
1081
1111
1054
1080
1120
1059
1070
1052
1137
1137
1094
1109
1156
1084
1142
1102
1151
1152
1131
1169
1113
1135
1089
1114
1245
1165
1242
1194
1230
1152
1180
1261
1169
1242
1197
1263
1211
1309
1283
1282
1194
1239
1228
1183
1199
1270
1225
1251
1181
1268
1255
1181
1210
1227
1261
1254
1236
1238
1241
1252
1176
1265
1248
1248
1262
1247
1294
1303
1272
1307
1312
1329
1268
1264
1337
1251
1319
1274
1331
1313
1392
1254
1269
1422
1316
1300
1331
1293
1269
1382
1311
1324
1351
1338
1401
1367
1319
1347
1404
1407
1279
1314
1346
1293
1354
1319
1361
1360
1398
1275
1309
1348
1283
1324
1286
1344
1346
1401
1318
1373
1419
1292
1349
1430
1338
1387
1324
1424
1377
1440
1389
1362
1352
1409
1460
1447
1450
1427
1348
1395
1380
1356
1427
1403
1416
1392
1390
1402
1363
1354
1416
1475
1393
1411
1388
1410
1363
1340
1288
1371
1409
1382
1343
1289
1433
1386
1347
1396
1347
1367
1424
1395
1365
1373
1388
1447
1361
1390
1350
1369
1446
1385
1329
1345
1391
1476
1427
1365
1411
1392
1396
1464
1276
1418
1370
1419
1337
1419
1345
1364
1443
1411
1393
1375
1368
1349
1380
1337
1315
1367
1337
1284
1307
1369
1329
1297
1376
1256
1316
1298
1343
1212
1326
1381
1318
1329
1274
1300
1329
1308
1319
1338
1381
1325
1295
1318
1257
1362
1318
1294
1244
1320
1313
1295
1252
1242
1235
1285
1285
1297
1226
1273
1278
1217
1223
1312
1205
1172
1252
1220
1228
1176
1181
1193
1214
1206
1157
1134
1174
1156
1177
1093
1129
1176
1100
1131
1099
1180
1043
1132
1078
1064
1060
1106
1067
1124
1103
1147
1046
1115
1096
1044
1066
986
1001
1084
1039
1081
1068
1001
1063
1088
992
990
1012
934
1002
1003
935
952
949
941
963
923
983
921
889
923
945
980
888
903
848
865
850
852
913
861
819
825
816
812
812
779
846
779
861
762
856
802
778
777
767
798
766
753
769
778
762
722
746
696
665
705
693
716
636
633
674
671
684
651
672
603
630
604
585
660
645
659
536
592
614
565
644
583
588
576
543
587
551
566
585
504
544
518
503
504
507
505
524
464
460
480
469
472
439
453
504
437
437
456
447
446
413
454
387
396
415
407
382
396
374
387
386
373
336
362
365
378
357
318
356
292
346
382
326
316
337
306
305
297
279
327
319
289
315
286
313
269
291
276
267
289
249
252
243
235
241
248
233
241
229
222
226
223
215
217
243
213
208
222
238
193
184
187
162
199
167
168
206
173
167
167
178
169
184
154
157
172
170
137
169
141
139
140
141
146
142
157
141
142
128
124
140
146
118
111
148
135
122
104
119
111
107
107
104
93
112
96
98
96
88
78
89
103
78
81
90
101
75
79
86
88
69
69
90
75
60
75
60
67
66
86
60
67
54
54
58
64
65
64
50
65
57
51
56
50
49
47
48
44
49
41
55
50
41
39
37
36
46
33
37
41
38
25
46
34
45
33
32
25
35
24
27
27
21
39
24
22
24
22
25
26
26
28
23
21
20
21
18
23
20
16
21
16
18
18
23
14
24
19
21
22
13
18
12
12
11
22
11
15
13
11
9
16
17
8
8
13
17
14
11
12
9
8
9
2
13
8
14
9
8
14
9
9
5
12
5
7
7
7
9
5
6
5
8
8
10
8
13
6
10
10
6
5
9
3
3
4
2
9
5
2
9
4
6
5
7
1
4
4
5
5
4
5
1
6
0
1
6
5
1
5
2
4
2
0
2
4
3
4
0
1
1
6
2
2
3
1
0
2
1
4
0
0
2
1
4
3
2
3
1
3
0
0
1
1
2
2
0
2
0
1
0
4
0
0
1
0
0
1
1
3
0
3
0
4
1
0
4
0
1
1
0
0
2
0
1
0
1
0
1
0
0
0
0
0
0
0
0
0
0
0
0
0
0
0
0
0
0
0
1
0
0
0
0
0
0
1
0
0
0
1
0
0
0
0
0
0
0
0
0
0
0
0
0
0
0
0
0
0
0
0
0
0
0
1
1
1
0
0
0
0
0
2
0
0
0
0
0
0
0
0
0
0
0
0
0
0
0
0
0
0
0
0
0
0
0
0
0
0
0
0
0
0
0
0
0
0
0
0
0
0
0
0
0
0
0
0
0
0
0
0
0
0
0
0
0
0
0
0
0
0
0
0
0
0
0
0
0
0
0
0
0
0
0
0
0
0
0
0
0
0
0
0
0
0
0
0
0
0
0
0
0
0
0
0
0
0
0
0
0
0
0
0
0
0
0
0
0
0
0
0
0
0
0
0
0
0
0
0
0
0
0
0
0
0
0
0
0
0
0
0
0
0
0
0
0
0
0
0
0
0
0
0
0
0
0
0
0
0
0
0
0
0
0
0
0
0
0
0
0
0
0
0
0
0
0
0
0
0
0
0
0
0
0
0
0
0
0
0
0
0
0
0
0
0
0
0
0
0
0
0
0
0
0
0
0
0
0
0
0
0
0
0
0
0
0
0
0
0
0
0
0
0
0
0
0
0
0
0
0
0
0
0
0
0
0
0
0
0
0
0
0
0
0
0
0
0
0
0
0
0
0
0
0
0
0
0
0
0
0
0
0
0
0
0
0
0
0
0
0
0
0
0
0
0
0
0
0
0
0
0
0
0
0
0
0
0
0
0
0
0
0
0
0
0
0
0
0
0
0
0
0
0
0
0
0
0
0
0
0
0
0
0
0
0
0
0
0
0
0
0
0
0
0
0
0
0
0
0
0
0
0
0
0
0
0
0
0
0
0
0
0
0
0
0
0
0
0
0
0
0
0
0
0
0
0
0
0
0
0
0
0
0
0
0
0
0
0
0
0
0
0
0
0
0
0
0
0
0
0
0
0
0
0
0
0
0
0
0
0
0
0
0
0
0
0
0
0
0
0
0
0
0
0
0
0
0
0
0
0
0
0
0
0
0
0
0
0
0
0
0
0
0
0
0
0
0
0
0
0
0
0
0
0
0
0
0
0
0
0
0
0
0
0
0
0
0
0
0
0
0
0
0
0
0
0
0
0
0
0
0
0
0
0
0
0
0
0
0
0
0
0
0
0
0
0
0
0
0
0
0
0
0
0
0
0
0
0
0
0
0
0
0
0
0
0
0
0
0
0
0
0
0
0
0
0
0
0
0
0
0
0
0
0
0
0
0
0
0
0
0
0
0
0
0
0
0
0
0
0
0
0
0
0
0
0
0
0
0
0
0
0
0
0
0
0
0
0
0
0
0
0
0
0
0
0
0
0
0
0
0
0
0
0
0
0
0
0
0
0
0
0
0
0
0
0
0
0
0
0
0
0
0
0
0
0
0
0
0
0
0
0
0
0
0
0
0
0
0
0
0
0
0
0
0
0
0
0
0
0
0
0
0
0
0
0
0
0
0
0
0
0
0
0
0
0
0
0
0
0
0
0
0
0
0
0
0
0
0
0
0
0
0
0
0
0
0
0
0
0
0
0
0
0
0
0
0
0
0
0
0
0
0
0
0
0
0
0
0
0
0
0
0
0
0
0
0
0
0
0
0
0
0
0
0
0
0
0
0
0
0
0
0
0
0
0
0
0
0
0
0
0
0
0
0
0
0
0
0
0
0
0
0
0
0
0
0
0
0
0
0
0
0
0
0
0
0
0
0
0
0
0
0
0
0
0
0
0
0
0
0
0
0
0
0
0
0
0
0
0
0
0
0
0
0
0
0
0
0
0
0
0
0
0
0
0
0
0
0
0
0
0
0
0
0
0
0
0
0
0
0
0
0
0
0
0
0
0
0
0
0
0
0
0
0
0
0
0
0
0
0
0
0
0
0
0
0
0
0
0
0
0
0
0
0
0
0
0
0
0
0
0
0
0
0
0
0
0
0
0
0
0
0
0
0
0
0
0
0
0
0
0
0
0
0
0
0
0
0
0
0
0
0
0
0
0
0
0
0
0
0
0
0
0
0
0
0
0
0
0
0
0
0
0
0
0
0
0
0
0
0
0
0
0
0
0
0
0
0
0
0
0
0
0
0
0
0
0
0
0
0
0
0
0
0
0
0
0
0
0
0
0
0
0
0
0
0
0
0
0
0
0
0
0
0
0
0
0
0
0
0
0
0
0
0
0
0
0
0
0
0
0
0
0
0
0
0
0
0
0
0
0
0
0
0
0
0
0
0
0
0
0
0
0
0
0
0
0
0
0
0
0
0
0
0
0
0
0
0
0
0
0
0
0
0
0
0
0
0
0
0
0
0
0
0
0
0
0
0
0
0
0
0
0
0
0
0
0
0
0
0
0
0
0
0
0
0
0
0
0
0
0
0
0
0
0
0
0
0
0
0
0
0
0
0
0
0
0
0
0
0
0
0
0
0
0
0
0
0
0
0
0
0
0
0
0
0
0
0
0
0
0
0
0
0
0
0
0
0
0
0
0
0
0
0
0
0
0
0
0
0
0
0
0
0
0
0
0
0
0
0
0
0
0
0
0
0
0
0
0
0
0
0
0
0
0
0
0
0
0
0
0
0
0
0
0
0
0
0
0
0
0
0
0
0
0
0
0
0
0
0
0
0
0
0
0
0
0
0
0
0
0
0
0
0
0
0
0
0
0
0
0
0
0
0
0
0
0
0
0
0
0
0
0
0
0
0
0
0
0
0
0
0
0
0
0
0
0
0
0
0
0
0
0
0
0
0
0
0
0
0
0
0
0
0
0
0
0
0
0
0
0
0
0
0
0
0
0
0
0
0
0
0
0
0
0
0
0
0
0
0
0
0
0
0
0
0
0
0
0
0
0
0
0
0
0
0
0
0
0
0
0
0
0
0
0
0
0
0
0
0
0
0
0
0
0
0
0
0
0
0
0
0
0
0
0
0
0
0
0
0
0
0
0
0
0
0
0
0
0
0
0
0
0
0
0
0
0
0
0
0
0
0
0
0
0
0
0
0
0
0
0
0
0
0
0
0
0
0
0
0
0
0
0
0
0
0
0
0
0
0
0
0
0
0
0
0
0
0
0
0
0
0
0
0
0
0
0
0
0
0
0
0
0
0
0
0
0
0
0
0
0
0
0
0
0
0
0
0
0
0
0
0
0
0
0
0
0
0
0
0
0
0
0
0
0
0
0
0
0
0
0
0
0
0
0
0
0
0
0
0
0
0
0
0
0
0
0
0
0
0
0
0
0
0
0
0
0
0
0
0
0
0
0
0
0
0
0
0
0
0
0
0
0
0
0
0
0
0
0
0
0
0
0
0
0
0
0
0
0
0
0
0
0
0
0
0
0
0
0
0
0
0
0
0
0
0
0
0
0
0
0
0
0
0
0
0
0
0
0
0
0
0
0
0
0
0
0
0
0
0
0
0
0
0
0
0
0
0
0
0
0
0
0
0
0
0
0
0
0
0
0
0
0
0
0
0
0
0
0
0
0
0
0
0
0
0
0
0
0
0
0
0
0
0
0
0
0
0
0
0
0
0
0
0
0
0
0
0
0
0
0
0
0
0
0
0
0
0
0
0
0
0
0
0
0
0
0
0
0
0
0
0
0
0
0
0
0
0
0
0
0
0
0
0
0
0
0
0
0
0
0
0
0
0
0
0
0
0
0
0
0
0
0
0
0
0
0
0
0
0
0
0
0
0
0
0
0
0
0
0
0
0
0
0
0
0
0
0
0
0
0
0
0
0
0
0
0
0
0
0
0
0
0
0
0
0
0
0
0
0
0
0
0
0
0
0
0
0
0
0
0
0
0
0
0
0
0
0
0
0
0
0
0
0
0
0
0
0
0
0
0
0
0
0
0
0
0
0
0
0
0
0
0
0
0
0
0
0
0
0
0
0
0
0
0
0
0
0
0
0
0
0
0
0
0
0
0
0
0
0
0
0
0
0
0
0
0
0
0
0
0
0
0
0
0
0
0
0
0
0
0
0
0
0
0
0
0
0
0
0
0
0
0
0
0
0
0
0
0
0
0
0
0
0
0
0
0
0
0
0
0
0
0
0
0
0
0
0
0
0
0
0
0
0
0
0
0
0
0
0
0
0
0
0
0
0
0
0
0
0
0
0
0
0
0
0
0
0
0
0
0
0
0
0
0
0
0
0
0
0
0
0
0
0
0
0
0
0
0
0
0
0
0
0
0
0
0
0
0
0
0
0
0
0
0
0
0
0
0
0
0
0
0
0
0
0
0
0
0
0
0
0
0
0
0
0
0
0
0
0
0
0
0
0
0
0
0
0
0
0
0
0
0
0
0
0
0
0
0
0
0
0
0
0
0
0
0
0
0
0
0
0
0
0
0
0
0
0
0
0
0
0
0
0
0
0
0
0
0
0
0
0
0
0
0
0
0
0
0
0
0
0
0
0
0
0
0
0
0
0
0
0
0
0
0
0
0
0
0
0
0
0
0
0
0
0
0
0
0
0
0
0
0
0
0
0
0
0
0
0
0
0
0
0
0
0
0
0
0
0
0
0
0
0
0
0
0
0
0
0
0
0
0
0
0
0
0
0
0
0
0
0
0
0
0
0
0
0
0
0
0
0
0
0
0
0
0
0
0
0
0
0
0
0
0
0
0
0
0
0
0
0
0
0
0
0
0
0
0
0
0
0
0
0
0
0
0
0
0
0
0
0
0
0
0
0
0
0
0
0
0
0
0
0
0
0
0
0
0
0
0
0
0
0
0
0
0
0
0
0
0
0
0
0
0
0
0
0
0
0
0
0
0
0
0
0
0
0
0
0
0
0
0
0
0
0
0
0
0
0
0
0
0
0
0
0
0
0
0
0
0
0
0
0
0
0
0
0
0
0
0
0
0
0
0
0
0
0
0
0
0
0
0
0
0
0
0
0
0
0
0
0
0
0
0
0
0
0
0
0
0
0
0
0
0
0
0
0
0
0
0
0
0
0
0
0
0
0
0
0
0
0
0
0
0
0
0
0
0
0
0
0
0
0
0
0
0
0
0
0
0
0
0
0
0
0
0
0
0
0
0
0
0
0
0
0
0
0
0
0
0
0
0
0
0
0
0
0
0
0
0
0
0
0
0
0
0
0
0
0
0
0
0
0
0
0
0
0
0
0
0
0
0
0
0
0
0
0
0
0
0
0
0
0
0
0
0
0
0
0
0
0
0
0
0
0
0
0
0
0
0
0
0
0
0
0
0
0
0
0
0
0
0
0
0
0
0
0
0
0
0
0
0
0
0
0
0
0
0
0
0
0
0
0
0
0
0
0
0
0
0
0
0
0
0
0
0
0
0
0
0
0
0
0
0
0
0
0
0
0
0
0
0
0
0
0
0
0
0
0
0
