0
0
0
0
0
0
0
0
0
0
0
0
0
0
0
0
0
0
0
0
0
0
0
0
0
0
0
0
0
0
0
0
0
0
0
0
0
0
0
0
0
0
0
0
0
0
0
0
0
0
0
0
0
0
0
0
0
0
0
0
0
0
0
0
0
0
0
0
0
0
0
0
0
0
0
0
0
0
0
0
0
0
0
0
0
0
0
0
0
0
0
0
0
0
0
0
0
0
0
0
0
0
0
0
0
0
0
0
0
0
0
0
0
0
0
0
0
0
0
0
0
0
0
0
0
0
0
0
0
0
0
0
0
0
0
0
0
0
0
0
0
0
0
0
0
0
0
0
0
0
0
0
0
0
0
0
0
0
0
0
0
0
0
0
0
0
0
0
0
0
0
0
0
0
0
0
0
0
0
0
0
2
0
0
0
0
0
0
0
0
0
1
1
0
0
0
0
0
0
0
0
1
0
0
0
0
0
1
1
0
0
1
1
1
0
2
0
0
0
1
1
0
0
1
2
0
2
2
0
2
0
2
1
0
1
4
2
0
3
1
3
0
2
2
3
0
4
1
6
1
1
4
5
3
3
5
4
5
2
6
3
4
9
10
7
4
7
9
9
7
8
14
8
7
12
8
12
10
15
10
11
2
6
10
7
8
8
12
11
15
7
14
13
13
18
18
14
13
19
20
14
21
28
38
27
36
29
33
25
25
30
41
35
32
38
35
29
37
47
39
42
42
44
24
41
29
33
52
40
44
44
53
49
40
36
48
37
53
57
48
58
55
46
54
58
51
65
69
70
66
71
70
90
103
91
96
87
114
89
112
120
109
115
105
93
111
112
125
107
116
117
112
99
118
116
117
116
119
125
110
110
118
105
104
118
125
141
135
141
142
140
148
164
150
181
159
197
172
196
211
195
208
204
226
223
236
241
242
242
246
256
261
263
258
303
270
275
300
287
264
274
278
293
278
274
262
258
270
268
251
287
283
253
274
265
273
304
294
335
321
342
331
357
384
378
388
368
411
413
408
435
431
437
452
477
514
466
488
503
474
446
532
544
528
534
552
533
543
572
533
559
525
519
512
505
534
490
532
505
513
503
536
503
530
524
580
558
555
578
589
605
642
607
660
705
657
737
721
685
744
755
774
751
764
838
878
846
817
793
824
852
816
840
845
842
782
798
854
840
809
809
804
772
800
887
799
842
813
817
856
864
887
859
879
868
880
905
918
905
964
984
933
1041
992
1066
1058
1135
1073
1071
1116
1235
1173
1075
1149
1192
1215
1134
1226
1188
1247
1198
1165
1237
1192
1299
1193
1202
1143
1185
1171
1189
1085
1171
1170
1126
1123
1186
1166
1144
1203
1183
1285
1233
1236
1282
1308
1272
1365
1279
1336
1442
1458
1370
1427
1451
1444
1469
1469
1458
1534
1482
1614
1567
1598
1568
1540
1558
1631
1534
1520
1663
1559
1501
1459
1516
1585
1537
1543
1523
1497
1393
1478
1424
1463
1481
1441
1503
1499
1459
1485
1507
1535
1527
1556
1591
1675
1632
1630
1609
1668
1691
1803
1748
1769
1762
1834
1886
1767
1808
1790
1836
1866
1820
1762
1790
1813
1878
1836
1804
1762
1755
1799
1718
1747
1677
1723
1785
1732
1712
1675
1761
1753
1682
1703
1747
1705
1709
1784
1775
1754
1700
1780
1774
1862
1849
1826
1854
1947
1894
1961
1938
1980
1938
1933
1992
1978
1909
1953
2019
2058
1989
2099
2000
2048
1923
1967
1965
1909
1849
1951
1858
1919
1871
1926
1834
1859
1865
1834
1751
1801
1870
1840
1783
1778
1831
1791
1861
1868
1885
1876
1838
1865
1892
1903
1935
1951
2059
1940
1948
2010
1990
2046
1931
2002
2061
2045
2016
1952
2034
1938
2003
1924
1903
2033
1976
1883
1935
1931
1888
1872
1845
1852
1791
1821
1764
1778
1814
1871
1827
1834
1690
1797
1767
1864
1895
1824
1836
1897
1806
1875
1867
1867
1815
1893
1846
1910
1822
1882
1927
1883
1859
1916
1848
1877
1859
1949
1884
1841
1906
1882
1812
1760
1843
1865
1776
1810
1854
1817
1750
1722
1647
1678
1691
1749
1632
1609
1616
1656
1595
1661
1625
1580
1673
1695
1692
1617
1691
1679
1618
1687
1692
1632
1717
1689
1805
1744
1678
1730
1701
1754
1716
1694
1752
1676
1623
1631
1672
1607
1550
1651
1558
1590
1617
1508
1575
1539
1539
1554
1517
1506
1434
1436
1467
1452
1462
1479
1341
1490
1423
1496
1486
1489
1453
1467
1408
1434
1435
1462
1468
1483
1440
1421
1402
1426
1415
1361
1359
1434
1451
1377
1390
1404
1391
1398
1412
1395
1324
1280
1306
1344
1300
1327
1329
1301
1258
1266
1223
1263
1207
1254
1195
1211
1162
1183
1173
1165
1170
1227
1176
1153
1192
1123
1142
1175
1150
1224
1139
1127
1188
1153
1153
1178
1177
1172
1161
1118
1215
1060
1132
1154
1179
1078
1092
1084
1105
1094
1039
1097
1040
1055
1044
1088
1027
1011
1026
979
993
993
984
957
914
900
957
996
956
923
966
873
863
955
876
910
892
853
859
870
892
867
860
879
894
852
958
865
845
809
899
835
882
849
814
798
802
849
823
824
769
769
762
765
760
769
741
719
790
722
723
703
720
664
727
673
696
692
664
661
684
743
695
702
646
644
684
631
639
657
615
693
633
625
676
632
615
596
608
593
622
629
614
626
624
617
609
571
589
584
602
567
563
514
493
524
554
524
486
521
484
504
456
511
513
495
472
520
539
464
493
484
472
474
461
443
462
486
429
496
422
430
447
442
436
427
451
395
435
371
431
431
396
429
448
408
395
394
384
387
415
395
353
351
384
337
360
366
340
354
365
330
369
325
356
338
339
337
334
336
321
281
312
340
312
345
340
344
287
290
320
279
301
289
298
299
262
317
298
277
273
256
271
258
243
284
279
250
228
259
250
268
250
232
274
261
246
213
243
222
214
218
218
213
226
195
212
236
200
209
199
187
195
197
181
199
197
210
179
200
169
160
196
193
188
173
168
187
176
143
157
163
192
157
160
186
175
154
157
156
146
150
139
126
156
128
160
134
130
132
149
133
125
131
141
126
133
118
134
150
107
114
127
127
103
119
114
123
101
108
105
98
92
108
94
100
100
85
95
98
89
98
91
76
80
88
79
76
95
72
70
80
70
65
79
66
68
79
68
79
69
68
71
60
67
65
72
68
54
55
71
56
49
69
60
61
52
57
49
59
50
53
29
46
48
26
37
55
49
50
50
41
44
37
44
39
43
45
45
39
36
38
33
28
24
31
32
27
39
33
36
28
33
22
22
29
27
22
27
28
37
30
21
35
23
35
27
16
21
20
19
14
21
17
31
22
27
25
15
11
12
15
15
18
21
19
5
14
18
14
17
15
13
13
17
14
13
19
13
14
14
3
9
12
11
8
19
6
10
5
10
12
9
12
8
9
11
9
6
9
7
9
9
5
3
14
7
4
9
6
7
4
8
7
7
5
7
6
4
4
7
2
5
3
6
2
5
3
3
3
3
6
2
7
2
2
3
4
2
8
1
0
1
3
2
5
3
2
4
2
5
4
3
3
4
4
1
3
4
2
1
4
3
2
3
2
0
1
0
0
0
1
3
3
3
2
2
1
3
0
2
2
2
2
2
1
0
0
1
0
2
0
1
1
1
0
0
1
0
0
0
0
1
2
1
1
0
0
1
0
0
1
0
1
0
0
1
0
0
0
1
0
0
0
0
0
0
0
0
0
0
0
0
0
1
0
0
0
1
0
0
1
0
0
1
0
0
1
0
0
1
0
0
0
0
0
0
0
0
0
0
0
0
0
0
0
0
0
0
0
0
0
0
0
1
0
0
0
0
0
0
0
0
0
0
0
0
0
1
0
0
0
0
0
0
0
0
0
0
0
0
0
0
0
0
0
0
0
0
0
0
0
0
0
0
0
0
0
0
0
0
0
0
0
1
0
0
0
0
0
0
0
0
0
0
0
0
0
0
0
0
0
0
0
0
0
0
0
0
0
0
0
0
0
0
0
0
0
0
0
0
0
0
0
0
0
0
0
0
0
0
0
0
0
0
0
0
0
0
0
0
0
0
0
0
0
0
0
0
0
0
0
0
0
0
0
0
0
0
0
0
0
0
0
0
0
0
0
0
0
0
0
0
0
0
0
0
0
0
0
0
0
0
0
0
0
0
0
0
0
0
0
0
0
0
0
0
0
0
0
0
0
0
0
0
0
0
0
0
0
0
0
0
0
0
0
0
0
0
0
0
0
0
0
0
0
0
0
0
0
0
0
0
0
0
0
0
0
0
0
0
0
0
0
0
0
0
0
0
0
0
0
0
0
0
0
0
0
0
0
0
0
0
0
0
0
0
0
0
0
0
0
0
0
0
0
0
0
0
0
0
0
0
0
0
0
0
0
0
0
0
0
0
0
0
0
0
0
0
0
0
0
0
0
0
0
0
0
0
0
0
0
0
0
0
0
0
0
0
0
0
0
0
0
0
0
0
0
0
0
0
0
0
0
0
0
0
0
0
0
0
0
0
0
0
0
0
0
0
0
0
0
0
0
0
0
0
0
0
0
0
0
0
0
0
0
0
0
0
0
0
0
0
0
0
0
0
0
0
0
0
0
0
0
0
0
0
0
0
0
0
0
0
0
0
0
0
0
0
0
0
0
0
0
0
0
0
0
0
0
0
0
0
0
0
0
0
0
0
0
0
0
0
0
0
0
0
0
0
0
0
0
0
0
0
0
0
0
0
0
0
0
0
0
0
0
0
0
0
0
0
0
0
0
0
0
0
0
0
0
0
0
0
0
0
0
0
0
0
0
0
0
0
0
0
0
0
0
0
0
0
0
0
0
0
0
0
0
0
0
0
0
0
0
0
0
0
0
0
0
0
0
0
0
0
0
0
0
0
0
0
0
0
0
0
0
0
0
0
0
0
0
0
0
0
0
0
0
0
0
0
0
0
0
0
0
0
0
0
0
0
0
0
0
0
0
0
0
0
0
0
0
0
0
0
0
0
0
0
0
0
0
0
0
0
0
0
0
0
0
0
0
0
0
0
0
0
0
0
0
0
0
0
0
0
0
0
0
0
0
0
0
0
0
0
0
0
0
0
0
0
0
0
0
0
0
0
0
0
0
0
0
0
0
0
0
0
0
0
0
0
0
0
0
0
0
0
0
0
0
0
0
0
0
0
0
0
0
0
0
0
0
0
0
0
0
0
0
0
0
0
0
0
0
0
0
0
0
0
0
0
0
0
0
0
0
0
0
0
0
0
0
0
0
0
0
0
0
0
0
0
0
0
0
0
0
0
0
0
0
0
0
0
0
0
0
0
0
0
0
0
0
0
0
0
0
0
0
0
0
0
0
0
0
0
0
0
0
0
0
0
0
0
0
0
0
0
0
0
0
0
0
0
0
0
0
0
0
0
0
0
0
0
0
0
0
0
0
0
0
0
0
0
0
0
0
0
0
0
0
0
0
0
0
0
0
0
0
0
0
0
0
0
0
0
0
0
0
0
0
0
0
0
0
0
0
0
0
0
0
0
0
0
0
0
0
0
0
0
0
0
0
0
0
0
0
0
0
0
0
0
0
0
0
0
0
0
0
0
0
0
0
0
0
0
0
0
0
0
0
0
0
0
0
0
0
0
0
0
0
0
0
0
0
0
0
0
0
0
0
0
0
0
0
0
0
0
0
0
0
0
0
0
0
0
0
0
0
0
0
0
0
0
0
0
0
0
0
0
0
0
0
0
0
0
0
0
0
0
0
0
0
0
0
0
0
0
0
0
0
0
0
0
0
0
0
0
0
0
0
0
0
0
0
0
0
0
0
0
0
0
0
0
0
0
0
0
0
0
0
0
0
0
0
0
0
0
0
0
0
0
0
0
0
0
0
0
0
0
0
0
0
0
0
0
0
0
0
0
0
0
0
0
0
0
0
0
0
0
0
0
0
0
0
0
0
0
0
0
0
0
0
0
0
0
0
0
0
0
0
0
0
0
0
0
0
0
0
0
0
0
0
0
0
0
0
0
0
0
0
0
0
0
0
0
0
0
0
0
0
0
0
0
0
0
0
0
0
0
0
0
0
0
0
0
0
0
0
0
0
0
0
0
0
0
0
0
0
0
0
0
0
0
0
0
0
0
0
0
0
0
0
0
0
0
0
0
0
0
0
0
0
0
0
0
0
0
0
0
0
0
0
0
0
0
0
0
0
0
0
0
0
0
0
0
0
0
0
0
0
0
0
0
0
0
0
0
0
0
0
0
0
0
0
0
0
0
0
0
0
0
0
0
0
0
0
0
0
0
0
0
0
0
0
0
0
0
0
0
0
0
0
0
0
0
0
0
0
0
0
0
0
0
0
0
0
0
0
0
0
0
0
0
0
0
0
0
0
0
0
0
0
0
0
0
0
0
0
0
0
0
0
0
0
0
0
0
0
0
0
0
0
0
0
0
0
0
0
0
0
0
0
0
0
0
0
0
0
0
0
0
0
0
0
0
0
0
0
0
0
0
0
0
0
0
0
0
0
0
0
0
0
0
0
0
0
0
0
0
0
0
0
0
0
0
0
0
0
0
0
0
0
0
0
0
0
0
0
0
0
0
0
0
0
0
0
0
0
0
0
0
0
0
0
0
0
0
0
0
0
0
0
0
0
0
0
0
0
0
0
0
0
0
0
0
0
0
0
0
0
0
0
0
0
0
0
0
0
0
0
0
0
0
0
0
0
0
0
0
0
0
0
0
0
0
0
0
0
0
0
0
0
0
0
0
0
0
0
0
0
0
0
0
0
0
0
0
0
0
0
0
0
0
0
0
0
0
0
0
0
0
0
0
0
0
0
0
0
0
0
0
0
0
0
0
0
0
0
0
0
0
0
0
0
0
0
0
0
0
0
0
0
0
0
0
0
0
0
0
0
0
0
0
0
0
0
0
0
0
0
0
0
0
0
0
0
0
0
0
0
0
0
0
0
0
0
0
0
0
0
0
0
0
0
0
0
0
0
0
0
0
0
0
0
0
0
0
0
0
0
0
0
0
0
0
0
0
0
0
0
0
0
0
0
0
0
0
0
0
0
0
0
0
0
0
0
0
0
0
0
0
0
0
0
0
0
0
0
0
0
0
0
0
0
0
0
0
0
0
0
0
0
0
0
0
0
0
0
0
0
0
0
0
0
0
0
0
0
0
0
0
0
0
0
0
0
0
0
0
0
0
0
0
0
0
0
0
0
0
0
0
0
0
0
0
0
0
0
0
0
0
0
0
0
0
0
0
0
0
0
0
0
0
0
0
0
0
0
0
0
0
0
0
0
0
0
0
0
0
0
0
0
0
0
0
0
0
0
0
0
0
0
0
0
0
0
0
0
0
0
0
0
0
0
0
0
0
0
0
0
0
0
0
0
0
0
0
0
0
0
0
0
0
0
0
0
0
0
0
0
0
0
0
0
0
0
0
0
0
0
0
0
0
0
0
0
0
0
0
0
0
0
0
0
0
0
0
0
0
0
0
0
0
0
0
0
0
0
0
0
0
0
0
0
0
0
0
0
0
0
0
0
0
0
0
0
0
0
0
0
0
0
0
0
0
0
0
0
0
0
0
0
0
0
0
0
0
0
0
0
0
0
0
0
0
0
0
0
0
0
0
0
0
0
0
0
0
0
0
0
0
0
0
0
0
0
0
0
0
0
0
0
0
0
0
0
0
0
0
0
0
0
0
0
0
0
0
0
0
0
0
0
0
0
0
0
0
0
0
0
0
0
0
0
0
0
0
0
0
0
0
0
0
0
0
0
0
0
0
0
0
0
0
0
0
0
0
0
0
0
0
0
0
0
0
0
0
0
0
0
0
0
0
0
0
0
0
0
0
0
0
0
0
0
0
0
0
0
0
0
0
0
0
0
0
0
0
0
0
0
0
0
0
0
0
0
0
0
0
0
0
0
0
0
0
0
0
0
0
0
0
0
0
0
0
0
0
0
0
0
0
0
0
0
0
0
0
0
0
0
0
0
0
0
0
0
0
0
0
0
0
0
0
0
0
0
0
0
0
0
0
0
0
0
0
0
0
0
0
0
0
0
0
0
0
0
0
0
0
0
0
0
0
0
0
0
0
0
0
0
0
0
0
0
0
0
0
0
0
0
0
0
0
0
0
0
0
0
0
0
0
0
0
0
0
0
0
0
0
0
0
0
0
0
0
0
0
0
0
0
0
0
0
0
0
0
0
0
0
0
0
0
0
0
0
0
0
0
0
0
0
0
0
0
0
0
0
0
0
0
0
0
0
0
0
0
0
0
0
0
0
0
0
0
0
0
0
0
0
0
0
0
0
0
0
0
0
0
0
0
0
0
0
0
0
0
0
0
0
0
0
0
0
0
0
0
0
0
0
0
0
0
0
0
0
0
0
0
0
0
0
0
0
0
0
0
0
0
0
0
0
0
0
0
0
0
0
0
0
0
0
0
0
0
0
0
0
0
0
0
0
0
0
0
0
0
0
0
0
0
0
0
0
0
0
0
0
0
0
0
0
0
0
0
0
0
0
0
0
0
0
0
0
0
0
0
0
0
0
0
0
0
0
0
0
0
0
0
0
0
0
0
0
0
0
0
0
0
0
0
0
0
0
0
0
0
0
0
0
0
0
0
0
0
0
0
0
0
0
0
0
0
0
0
0
0
0
0
0
0
0
0
0
0
0
0
0
0
0
0
0
0
0
0
0
0
0
0
0
0
0
0
0
0
0
0
0
0
0
0
0
0
0
0
0
0
0
0
0
0
0
0
0
0
0
0
0
0
0
0
0
0
0
0
0
0
0
0
0
0
0
0
0
0
0
0
0
0
0
0
0
0
0
0
0
0
0
0
0
0
0
0
0
0
0
0
0
0
0
0
0
0
0
0
0
0
0
0
0
0
0
0
0
0
0
0
0
0
0
0
0
0
0
0
0
0
0
0
0
0
0
0
0
0
0
0
0
0
0
0
0
0
0
0
0
0
0
0
0
0
0
0
0
0
0
0
0
0
0
0
0
0
0
0
0
0
0
0
0
0
0
0
0
0
0
0
0
0
0
0
0
0
0
0
0
0
0
0
0
0
0
0
0
0
0
0
0
0
0
0
0
0
0
0
0
0
0
0
0
0
0
0
0
0
0
0
0
0
0
0
0
0
0
0
0
0
0
0
0
0
0
0
0
0
0
0
0
0
0
0
0
0
0
0
0
0
0
0
0
0
0
0
0
0
0
0
0
0
0
0
0
0
0
0
0
0
0
0
0
0
0
0
0
0
0
0
0
0
0
0
0
0
0
0
0
0
0
0
0
0
0
0
0
0
0
0
0
0
0
0
0
0
0
0
0
0
0
0
0
0
0
0
0
0
0
0
0
0
0
0
0
0
0
0
0
0
0
0
0
0
0
0
0
0
0
0
0
0
0
0
0
0
0
0
0
0
0
0
0
0
0
0
0
0
0
0
0
0
0
0
0
0
0
0
0
0
0
0
0
0
0
0
0
0
0
0
0
0
0
0
0
0
0
0
0
0
0
0
0
0
0
0
0
0
0
0
0
0
0
0
0
0
0
0
0
0
0
0
0
