0
0
0
0
0
0
0
0
0
0
0
0
0
0
0
0
0
0
0
0
0
0
0
0
0
0
0
0
0
0
0
0
0
0
0
0
0
0
0
0
0
0
0
0
0
0
0
0
0
0
0
0
0
0
0
0
0
0
0
0
0
0
0
0
0
0
0
0
0
0
0
0
0
0
0
0
0
0
0
0
0
0
0
0
0
0
0
0
0
0
0
0
0
0
0
0
0
0
0
0
0
0
0
0
0
0
0
0
0
0
0
0
0
0
0
0
0
0
0
0
0
0
0
0
0
0
0
0
0
0
0
0
0
0
0
0
0
0
0
0
0
0
0
0
0
0
0
0
0
0
0
0
0
0
0
0
0
0
0
0
0
0
0
0
0
0
0
0
0
0
0
0
0
0
0
0
0
0
0
0
0
0
0
0
0
0
0
0
0
0
0
0
0
0
0
0
0
0
0
0
0
0
0
0
0
0
0
0
0
0
0
0
0
0
0
0
0
0
0
0
0
0
0
0
0
0
0
0
1
0
0
0
0
0
0
0
0
0
0
0
0
0
0
0
0
0
0
0
0
0
0
0
0
0
0
0
0
0
0
0
1
0
0
0
0
0
0
0
0
0
0
1
0
0
1
0
0
0
0
1
0
0
0
0
0
0
0
0
0
0
0
0
1
1
2
1
0
0
1
2
1
0
2
0
2
1
2
2
2
0
1
3
1
1
1
1
1
2
1
0
2
0
0
1
1
4
4
2
1
1
3
3
5
3
4
4
5
4
8
7
6
4
4
3
6
6
6
8
7
9
7
2
5
6
5
5
7
3
7
8
7
4
4
6
9
10
10
11
9
7
8
10
4
10
10
14
12
11
22
19
13
18
22
13
18
17
26
29
22
24
11
28
15
16
30
19
22
28
18
28
32
18
33
27
25
20
36
31
31
30
30
35
39
37
30
37
48
54
50
43
64
51
64
59
76
55
61
71
62
54
75
61
57
78
71
52
55
55
60
66
64
65
55
68
70
82
63
82
77
71
77
97
83
107
109
106
122
117
103
131
96
123
141
141
139
108
143
157
122
157
163
146
146
139
152
155
163
142
169
131
134
148
165
141
174
160
150
182
204
190
184
203
253
207
229
220
247
257
251
291
278
250
290
260
293
304
277
277
313
264
334
273
288
291
292
283
279
312
275
285
307
303
288
333
297
295
356
331
358
364
368
372
427
441
404
463
433
436
444
465
489
526
473
520
535
512
497
555
528
488
512
567
498
539
491
530
516
542
505
559
502
510
507
567
519
631
597
584
595
648
667
642
699
669
715
671
714
758
736
741
798
738
756
772
798
813
794
777
847
766
826
792
862
789
784
751
804
810
842
840
829
847
810
809
912
862
887
931
898
919
960
1022
1036
1045
1104
1069
1087
1079
1127
1075
1214
1212
1143
1094
1109
1119
1186
1165
1220
1154
1167
1162
1134
1084
1152
1093
1124
1246
1114
1178
1206
1142
1222
1262
1248
1285
1292
1249
1354
1336
1404
1356
1404
1380
1444
1421
1490
1480
1458
1515
1457
1532
1513
1584
1542
1542
1523
1493
1532
1538
1483
1425
1475
1528
1542
1492
1495
1502
1421
1444
1505
1573
1523
1591
1604
1640
1634
1653
1670
1685
1718
1729
1693
1808
1864
1758
1801
1756
1900
1841
1862
1865
1895
1809
1862
1853
1870
1916
1782
1850
1850
1750
1752
1776
1862
1836
1770
1818
1844
1849
1857
1842
1915
1889
1908
2041
1980
1952
1978
2003
2067
2018
2185
2067
2086
2143
2107
2111
2019
2138
2128
1987
2091
2073
2067
2013
2051
2094
2117
1932
2027
2040
2031
1995
1991
1974
2097
2037
2022
2095
2044
2065
2047
2094
2105
2189
2204
2088
2250
2138
2180
2250
2242
2293
2182
2213
2382
2236
2238
2243
2275
2250
2130
2274
2196
2231
2145
2160
2104
2154
2090
2179
2187
2202
2033
2062
2187
2138
2081
2185
2079
2189
2208
2174
2179
2245
2225
2192
2250
2195
2174
2262
2226
2242
2169
2180
2173
2247
2247
2281
2174
2242
2177
2170
2190
2153
2198
2184
2174
2098
2112
2086
2104
2089
2179
2101
2132
2098
2103
2086
2115
2163
2171
2136
2145
2169
2073
2089
2107
2167
2149
2142
2115
2174
2181
2166
2078
2057
2025
2074
2103
2082
1986
2081
1984
2002
1982
2020
1995
1911
1968
1905
1918
1909
1905
1945
1963
1915
1908
1947
1992
1929
1982
2004
2041
1930
1976
1896
1929
2023
1957
1885
1842
1866
1928
1895
1886
1879
1894
1851
1808
1711
1789
1860
1744
1757
1755
1770
1814
1749
1737
1701
1663
1770
1655
1758
1748
1676
1710
1654
1754
1695
1636
1667
1632
1623
1693
1677
1619
1724
1704
1644
1639
1631
1558
1621
1679
1547
1495
1592
1558
1558
1488
1553
1532
1537
1479
1451
1440
1422
1510
1405
1403
1429
1434
1438
1476
1367
1408
1370
1364
1402
1360
1411
1348
1345
1266
1336
1306
1346
1320
1308
1351
1285
1281
1262
1263
1261
1231
1206
1204
1215
1230
1216
1190
1173
1162
1085
1187
1160
1176
1116
1151
1162
1067
1133
1119
1088
1106
1094
1097
1041
1061
1036
1045
1030
1075
1042
1045
984
1039
963
991
1018
983
955
929
957
952
965
896
947
935
890
881
908
906
882
870
862
900
806
872
881
840
854
807
804
828
827
832
791
819
790
776
803
752
792
741
725
783
767
776
690
707
660
704
701
680
682
672
630
688
671
682
680
634
609
649
617
643
642
617
635
629
578
619
597
530
613
566
539
559
609
555
546
524
559
526
530
500
484
513
539
523
514
523
465
470
508
414
484
464
470
477
446
476
466
436
485
439
470
404
418
411
412
401
394
381
400
399
371
397
416
417
343
377
361
363
340
352
317
346
327
307
358
345
308
337
324
291
318
305
275
309
282
287
324
285
286
296
298
258
322
245
276
278
230
290
252
276
265
255
223
257
233
254
217
209
223
224
217
225
203
201
218
205
205
207
199
187
200
211
197
184
195
185
179
176
195
180
189
176
167
170
166
164
155
155
179
151
142
140
160
125
149
140
129
141
126
136
121
138
124
122
123
117
120
115
124
118
119
126
116
99
109
107
107
102
105
95
88
89
95
93
83
104
96
88
80
88
81
89
72
90
77
86
70
82
64
75
62
75
58
70
66
52
80
48
48
56
52
63
65
53
59
43
43
48
53
55
52
51
57
46
51
49
50
43
55
47
48
44
32
33
26
38
31
31
24
37
31
14
35
35
30
29
31
28
17
24
21
27
23
19
34
34
20
26
24
28
34
26
26
26
23
24
20
17
20
17
19
27
18
10
14
13
15
11
14
16
11
15
8
7
13
9
11
10
11
12
7
15
15
9
11
13
16
8
6
10
7
7
3
3
7
5
7
9
6
9
7
5
5
3
7
6
7
3
5
2
3
10
3
2
4
3
3
3
5
1
3
3
3
4
4
4
0
2
4
3
7
3
2
0
4
3
4
0
3
3
0
0
3
2
2
4
1
1
2
2
1
1
1
1
2
3
2
0
0
1
1
1
1
2
1
2
1
1
1
0
1
1
0
0
0
1
0
0
1
0
0
1
1
0
0
1
2
1
0
0
0
0
1
0
0
1
0
0
0
0
1
0
0
0
0
0
0
0
0
0
0
0
0
1
0
0
1
1
0
1
0
0
0
0
0
0
0
0
0
0
0
0
0
0
0
0
0
0
0
0
0
0
0
0
0
0
0
0
0
0
1
0
0
0
0
0
0
0
0
0
0
0
0
0
0
0
0
0
0
0
0
0
0
0
0
0
0
0
0
0
0
0
0
0
0
0
0
0
0
0
0
0
0
0
0
0
0
0
0
0
0
0
0
0
0
0
0
0
1
0
0
0
0
0
0
0
0
0
0
0
0
0
0
0
0
0
0
0
0
0
0
0
0
0
0
0
0
0
0
0
0
0
0
0
0
0
0
0
0
0
0
0
0
0
0
0
0
0
0
0
0
0
0
0
0
0
0
0
0
0
0
0
0
0
0
0
0
0
0
0
0
0
0
0
0
0
0
0
0
0
0
0
0
0
0
0
0
0
0
0
0
0
0
0
0
0
0
0
0
0
0
0
0
0
0
0
0
0
0
0
0
0
0
0
0
0
0
0
0
0
0
0
0
0
0
0
0
0
0
0
0
0
0
0
0
0
0
0
0
0
0
0
0
0
0
0
0
0
0
0
0
0
0
0
0
0
0
0
0
0
0
0
0
0
0
0
0
0
0
0
0
0
0
0
0
0
0
0
0
0
0
0
0
0
0
0
0
0
0
0
0
0
0
0
0
0
0
0
0
0
0
0
0
0
0
0
0
0
0
0
0
0
0
0
0
0
0
0
0
0
0
0
0
0
0
0
0
0
0
0
0
0
0
0
0
0
0
0
0
0
0
0
0
0
0
0
0
0
0
0
0
0
0
0
0
0
0
0
0
0
0
0
0
0
0
0
0
0
0
0
0
0
0
0
0
0
0
0
0
0
0
0
0
0
0
0
0
0
0
0
0
0
0
0
0
0
0
0
0
0
0
0
0
0
0
0
0
0
0
0
0
0
0
0
0
0
0
0
0
0
0
0
0
0
0
0
0
0
0
0
0
0
0
0
0
0
0
0
0
0
0
0
0
0
0
0
0
0
0
0
0
0
0
0
0
0
0
0
0
0
0
0
0
0
0
0
0
0
0
0
0
0
0
0
0
0
0
0
0
0
0
0
0
0
0
0
0
0
0
0
0
0
0
0
0
0
0
0
0
0
0
0
0
0
0
0
0
0
0
0
0
0
0
0
0
0
0
0
0
0
0
0
0
0
0
0
0
0
0
0
0
0
0
0
0
0
0
0
0
0
0
0
0
0
0
0
0
0
0
0
0
0
0
0
0
0
0
0
0
0
0
0
0
0
0
0
0
0
0
0
0
0
0
0
0
0
0
0
0
0
0
0
0
0
0
0
0
0
0
0
0
0
0
0
0
0
0
0
0
0
0
0
0
0
0
0
0
0
0
0
0
0
0
0
0
0
0
0
0
0
0
0
0
0
0
0
0
0
0
0
0
0
0
0
0
0
0
0
0
0
0
0
0
0
0
0
0
0
0
0
0
0
0
0
0
0
0
0
0
0
0
0
0
0
0
0
0
0
0
0
0
0
0
0
0
0
0
0
0
0
0
0
0
0
0
0
0
0
0
0
0
0
0
0
0
0
0
0
0
0
0
0
0
0
0
0
0
0
0
0
0
0
0
0
0
0
0
0
0
0
0
0
0
0
0
0
0
0
0
0
0
0
0
0
0
0
0
0
0
0
0
0
0
0
0
0
0
0
0
0
0
0
0
0
0
0
0
0
0
0
0
0
0
0
0
0
0
0
0
0
0
0
0
0
0
0
0
0
0
0
0
0
0
0
0
0
0
0
0
0
0
0
0
0
0
0
0
0
0
0
0
0
0
0
0
0
0
0
0
0
0
0
0
0
0
0
0
0
0
0
0
0
0
0
0
0
0
0
0
0
0
0
0
0
0
0
0
0
0
0
0
0
0
0
0
0
0
0
0
0
0
0
0
0
0
0
0
0
0
0
0
0
0
0
0
0
0
0
0
0
0
0
0
0
0
0
0
0
0
0
0
0
0
0
0
0
0
0
0
0
0
0
0
0
0
0
0
0
0
0
0
0
0
0
0
0
0
0
0
0
0
0
0
0
0
0
0
0
0
0
0
0
0
0
0
0
0
0
0
0
0
0
0
0
0
0
0
0
0
0
0
0
0
0
0
0
0
0
0
0
0
0
0
0
0
0
0
0
0
0
0
0
0
0
0
0
0
0
0
0
0
0
0
0
0
0
0
0
0
0
0
0
0
0
0
0
0
0
0
0
0
0
0
0
0
0
0
0
0
0
0
0
0
0
0
0
0
0
0
0
0
0
0
0
0
0
0
0
0
0
0
0
0
0
0
0
0
0
0
0
0
0
0
0
0
0
0
0
0
0
0
0
0
0
0
0
0
0
0
0
0
0
0
0
0
0
0
0
0
0
0
0
0
0
0
0
0
0
0
0
0
0
0
0
0
0
0
0
0
0
0
0
0
0
0
0
0
0
0
0
0
0
0
0
0
0
0
0
0
0
0
0
0
0
0
0
0
0
0
0
0
0
0
0
0
0
0
0
0
0
0
0
0
0
0
0
0
0
0
0
0
0
0
0
0
0
0
0
0
0
0
0
0
0
0
0
0
0
0
0
0
0
0
0
0
0
0
0
0
0
0
0
0
0
0
0
0
0
0
0
0
0
0
0
0
0
0
0
0
0
0
0
0
0
0
0
0
0
0
0
0
0
0
0
0
0
0
0
0
0
0
0
0
0
0
0
0
0
0
0
0
0
0
0
0
0
0
0
0
0
0
0
0
0
0
0
0
0
0
0
0
0
0
0
0
0
0
0
0
0
0
0
0
0
0
0
0
0
0
0
0
0
0
0
0
0
0
0
0
0
0
0
0
0
0
0
0
0
0
0
0
0
0
0
0
0
0
0
0
0
0
0
0
0
0
0
0
0
0
0
0
0
0
0
0
0
0
0
0
0
0
0
0
0
0
0
0
0
0
0
0
0
0
0
0
0
0
0
0
0
0
0
0
0
0
0
0
0
0
0
0
0
0
0
0
0
0
0
0
0
0
0
0
0
0
0
0
0
0
0
0
0
0
0
0
0
0
0
0
0
0
0
0
0
0
0
0
0
0
0
0
0
0
0
0
0
0
0
0
0
0
0
0
0
0
0
0
0
0
0
0
0
0
0
0
0
0
0
0
0
0
0
0
0
0
0
0
0
0
0
0
0
0
0
0
0
0
0
0
0
0
0
0
0
0
0
0
0
0
0
0
0
0
0
0
0
0
0
0
0
0
0
0
0
0
0
0
0
0
0
0
0
0
0
0
0
0
0
0
0
0
0
0
0
0
0
0
0
0
0
0
0
0
0
0
0
0
0
0
0
0
0
0
0
0
0
0
0
0
0
0
0
0
0
0
0
0
0
0
0
0
0
0
0
0
0
0
0
0
0
0
0
0
0
0
0
0
0
0
0
0
0
0
0
0
0
0
0
0
0
0
0
0
0
0
0
0
0
0
0
0
0
0
0
0
0
0
0
0
0
0
0
0
0
0
0
0
0
0
0
0
0
0
0
0
0
0
0
0
0
0
0
0
0
0
0
0
0
0
0
0
0
0
0
0
0
0
0
0
0
0
0
0
0
0
0
0
0
0
0
0
0
0
0
0
0
0
0
0
0
0
0
0
0
0
0
0
0
0
0
0
0
0
0
0
0
0
0
0
0
0
0
0
0
0
0
0
0
0
0
0
0
0
0
0
0
0
0
0
0
0
0
0
0
0
0
0
0
0
0
0
0
0
0
0
0
0
0
0
0
0
0
0
0
0
0
0
0
0
0
0
0
0
0
0
0
0
0
0
0
0
0
0
0
0
0
0
0
0
0
0
0
0
0
0
0
0
0
0
0
0
0
0
0
0
0
0
0
0
0
0
0
0
0
0
0
0
0
0
0
0
0
0
0
0
0
0
0
0
0
0
0
0
0
0
0
0
0
0
0
0
0
0
0
0
0
0
0
0
0
0
0
0
0
0
0
0
0
0
0
0
0
0
0
0
0
0
0
0
0
0
0
0
0
0
0
0
0
0
0
0
0
0
0
0
0
0
0
0
0
0
0
0
0
0
0
0
0
0
0
0
0
0
0
0
0
0
0
0
0
0
0
0
0
0
0
0
0
0
0
0
0
0
0
0
0
0
0
0
0
0
0
0
0
0
0
0
0
0
0
0
0
0
0
0
0
0
0
0
0
0
0
0
0
0
0
0
0
0
0
0
0
0
0
0
0
0
0
0
0
0
0
0
0
0
0
0
0
0
0
0
0
0
0
0
0
0
0
0
0
0
0
0
0
0
0
0
0
0
0
0
0
0
0
0
0
0
0
0
0
0
0
0
0
0
0
0
0
0
0
0
0
0
0
0
0
0
0
0
0
0
0
0
0
0
0
0
0
0
0
0
0
0
0
0
0
0
0
0
0
0
0
0
0
0
0
0
0
0
0
0
0
0
0
0
0
0
0
0
0
0
0
0
0
0
0
0
0
0
0
0
0
0
0
0
0
0
0
0
0
0
0
0
0
0
0
0
0
0
0
0
0
0
0
0
0
0
0
0
0
0
0
0
0
0
0
0
0
0
0
0
0
0
0
0
0
0
0
0
0
0
0
0
0
0
0
0
0
0
0
0
0
0
0
0
0
0
0
0
0
0
0
0
0
0
0
0
0
0
0
0
0
0
0
0
0
0
0
0
0
0
0
0
0
0
0
0
0
0
0
0
0
0
0
0
0
0
0
0
0
0
0
0
0
0
0
0
0
0
0
0
0
0
0
0
0
0
0
0
0
0
0
0
0
0
0
0
0
0
0
0
0
0
0
0
0
0
0
0
0
0
0
0
0
0
0
0
0
0
0
0
0
0
0
0
0
0
0
0
0
0
0
0
0
0
0
0
0
0
0
0
0
0
0
0
0
0
0
0
0
0
0
0
0
0
0
0
0
0
0
0
0
0
0
0
0
0
0
0
0
0
0
0
0
0
0
0
0
0
0
0
0
0
0
0
0
0
0
0
0
0
0
0
0
0
0
0
0
0
0
0
0
0
0
0
0
0
0
0
0
0
0
0
0
0
0
0
0
0
0
0
0
0
0
0
0
0
0
0
0
0
0
0
0
0
0
0
0
0
0
0
0
0
0
0
0
0
0
0
0
0
0
0
0
0
0
0
0
0
0
0
0
0
0
0
0
0
0
0
0
0
0
0
0
0
0
0
0
0
0
0
0
0
0
0
0
0
0
0
0
0
0
0
0
0
0
0
0
0
0
0
0
0
0
0
0
0
0
0
0
0
0
0
0
0
0
0
0
0
0
0
0
0
0
0
0
0
0
0
0
0
0
0
0
0
0
0
0
0
0
0
0
0
0
0
0
0
0
0
0
0
0
0
0
0
0
0
0
0
0
0
0
0
0
0
0
0
0
0
0
0
0
0
0
0
0
0
0
0
0
0
0
0
0
0
0
0
0
0
0
0
0
0
0
0
0
0
0
0
0
0
0
0
0
0
0
0
0
0
0
0
0
0
0
0
0
0
0
0
0
0
0
0
0
0
0
0
0
0
0
0
0
0
0
0
0
0
0
0
0
0
0
0
0
0
0
0
0
0
0
0
0
0
0
0
0
0
0
0
0
0
0
0
0
0
0
0
0
0
0
0
0
0
0
0
0
0
0
0
0
0
0
0
0
0
0
0
0
0
0
0
0
0
0
0
0
0
0
0
0
0
0
0
0
0
0
0
0
0
0
0
0
0
0
0
0
0
0
0
0
0
0
0
0
0
0
0
0
0
0
0
0
0
0
0
0
0
0
0
0
0
0
0
0
0
0
0
0
0
0
0
0
0
0
0
0
0
0
0
0
0
0
0
0
0
0
0
0
0
0
0
0
0
0
0
0
0
0
0
0
0
0
0
0
0
0
0
0
0
0
0
0
0
0
