0
0
0
0
0
0
0
0
0
0
0
0
0
0
0
0
0
0
0
0
0
0
0
0
0
0
0
0
0
0
0
0
0
0
0
0
0
0
0
0
0
0
0
0
0
0
0
0
0
0
0
0
0
0
0
0
0
0
0
0
0
0
0
0
0
0
0
0
0
0
0
0
0
0
0
0
0
0
0
0
0
0
0
0
0
0
0
0
0
0
0
0
0
0
0
0
0
0
0
0
0
0
0
0
0
0
0
0
0
0
0
0
0
0
0
0
0
0
0
0
0
0
0
0
0
0
0
0
0
0
0
0
0
0
0
0
0
0
0
0
0
0
0
0
0
0
0
0
0
0
0
0
0
0
0
0
0
0
0
0
0
0
0
0
0
0
0
0
0
0
0
0
0
0
0
0
0
0
0
0
0
0
0
0
0
0
0
0
0
0
0
0
0
0
0
0
0
0
0
0
0
0
0
0
0
0
0
0
0
0
0
0
0
0
0
0
0
0
0
0
0
0
0
0
0
0
0
0
0
0
0
0
0
0
0
0
0
0
0
0
0
0
0
0
0
0
0
0
0
0
0
0
0
0
0
0
0
0
1
0
0
0
0
1
0
0
0
0
0
0
0
1
0
0
0
0
0
0
0
0
0
0
0
0
0
0
0
0
1
0
1
0
0
0
0
0
0
0
2
0
0
1
1
0
0
0
0
0
0
0
2
0
0
0
1
1
0
3
0
1
2
1
0
0
0
1
1
1
1
0
1
0
0
1
2
0
0
0
1
1
0
1
2
2
0
4
1
2
1
1
2
3
2
3
0
1
0
3
6
4
4
3
3
1
1
7
6
2
5
5
3
5
5
0
5
4
1
3
2
7
0
1
7
3
2
2
4
6
5
8
2
4
6
2
9
8
8
3
7
5
9
10
7
11
11
12
15
12
8
15
6
11
11
15
9
10
5
9
10
12
13
14
8
12
8
8
10
11
8
13
10
17
15
14
18
13
7
18
18
16
23
20
19
25
25
20
18
22
12
21
28
23
27
25
13
21
30
29
25
31
25
32
26
28
32
30
33
26
37
32
22
34
33
30
41
39
33
39
35
41
36
33
37
44
36
44
42
49
37
44
44
42
50
63
52
60
56
62
61
66
71
61
60
61
62
57
57
61
68
74
66
70
74
83
74
81
74
87
64
71
63
69
83
71
82
79
83
78
98
79
70
93
98
87
98
103
96
111
113
97
127
102
131
128
118
132
140
132
115
135
125
160
131
127
127
147
133
127
145
124
140
160
151
139
139
121
151
144
147
145
153
169
155
139
160
148
151
161
169
197
182
189
183
162
167
186
233
203
199
220
207
223
248
231
251
261
214
240
244
281
251
260
276
249
307
254
238
255
235
242
265
255
221
251
289
250
248
291
273
288
289
274
299
267
297
303
321
295
284
356
310
336
323
347
355
344
344
350
360
395
394
365
429
431
415
448
405
422
423
447
407
411
423
442
412
480
416
432
419
418
399
413
437
429
444
441
444
432
437
447
430
491
523
497
496
521
496
502
454
523
560
551
534
530
600
580
559
633
563
573
661
595
599
661
578
595
664
620
639
639
615
602
669
633
615
686
653
597
649
594
644
667
656
669
679
649
653
636
660
710
673
662
714
687
725
736
751
727
770
782
760
829
777
796
801
856
820
925
829
868
926
850
911
845
837
884
855
876
891
898
848
873
851
867
844
914
854
874
898
827
842
882
902
891
925
908
880
921
909
930
874
941
975
954
999
982
964
1026
1023
1054
1118
1046
1027
1070
1089
1096
1077
1113
1114
1128
1101
1080
1168
1120
1149
1185
1169
1083
1099
1121
1084
1099
1139
1103
1129
1069
1065
1154
1090
1105
1074
1090
1157
1149
1089
1155
1128
1126
1139
1210
1210
1211
1246
1275
1282
1266
1268
1260
1324
1218
1293
1320
1305
1313
1425
1275
1296
1393
1330
1353
1298
1302
1372
1307
1298
1373
1256
1365
1368
1381
1404
1382
1302
1300
1374
1281
1278
1334
1267
1284
1336
1371
1405
1379
1428
1449
1349
1389
1349
1394
1456
1456
1488
1492
1557
1431
1422
1540
1559
1503
1516
1501
1510
1588
1539
1571
1561
1474
1608
1517
1499
1527
1473
1478
1513
1459
1496
1501
1438
1438
1557
1508
1529
1489
1518
1563
1533
1544
1530
1501
1463
1572
1531
1522
1552
1601
1556
1561
1620
1662
1599
1609
1592
1609
1605
1655
1626
1669
1625
1674
1652
1581
1625
1584
1592
1654
1620
1581
1546
1661
1586
1594
1637
1625
1591
1592
1560
1549
1597
1554
1609
1597
1560
1541
1528
1532
1614
1670
1625
1625
1558
1600
1645
1582
1594
1595
1670
1624
1658
1627
1631
1650
1707
1623
1732
1719
1691
1716
1670
1653
1624
1676
1675
1648
1642
1679
1619
1613
1690
1664
1600
1639
1551
1650
1628
1627
1635
1540
1587
1623
1575
1582
1548
1530
1651
1611
1584
1674
1550
1649
1618
1653
1571
1668
1601
1644
1566
1615
1617
1650
1615
1677
1644
1598
1553
1661
1537
1581
1554
1606
1553
1574
1581
1592
1485
1526
1548
1568
1469
1583
1539
1589
1554
1536
1550
1545
1507
1523
1483
1496
1571
1475
1464
1552
1479
1478
1526
1501
1535
1552
1517
1537
1562
1520
1598
1512
1544
1471
1512
1452
1466
1505
1474
1452
1478
1468
1477
1508
1469
1482
1481
1417
1454
1504
1470
1452
1443
1425
1393
1385
1433
1365
1423
1361
1346
1435
1400
1391
1405
1393
1374
1397
1366
1437
1404
1342
1408
1385
1391
1352
1354
1419
1347
1413
1300
1376
1313
1397
1321
1330
1334
1322
1323
1309
1299
1313
1294
1232
1330
1278
1284
1311
1266
1247
1222
1206
1240
1227
1210
1152
1190
1240
1245
1167
1230
1191
1211
1189
1172
1194
1193
1139
1201
1269
1113
1191
1181
1165
1182
1177
1184
1168
1166
1139
1105
1170
1179
1150
1123
1116
1105
1116
1061
1107
1110
1062
1083
1028
1083
988
1076
1127
991
1110
1029
1045
1007
1014
1027
1042
981
1003
1014
990
1020
987
986
955
987
933
946
1011
950
931
965
919
980
973
908
903
891
900
962
968
881
777
909
846
914
856
865
901
816
801
783
808
818
838
760
808
786
772
753
753
772
757
712
709
753
701
722
717
742
735
687
753
676
678
766
717
663
629
660
692
688
652
656
650
638
640
621
654
622
592
525
605
621
558
547
562
562
605
554
575
609
515
563
529
548
534
516
503
523
459
521
493
454
496
497
481
448
499
484
418
447
480
421
441
407
428
384
440
406
445
393
407
369
365
374
419
380
357
373
344
353
354
345
376
337
341
322
290
325
309
300
305
318
284
255
307
323
303
287
269
282
254
246
270
252
262
267
247
247
257
254
234
228
285
238
242
203
225
223
195
202
213
201
181
219
210
184
194
181
161
180
180
182
171
177
152
155
159
179
145
149
155
162
156
157
145
136
125
126
108
119
135
109
112
121
119
131
109
122
95
127
98
107
115
100
81
100
80
80
88
102
89
92
82
88
78
96
76
80
73
71
66
77
70
68
65
75
68
67
61
63
71
57
67
68
50
59
67
47
62
54
46
55
56
48
50
56
48
47
35
51
54
32
44
36
43
34
36
37
35
45
27
31
34
33
35
26
25
30
33
28
23
21
29
23
31
27
27
23
24
37
27
29
21
24
28
19
22
18
12
26
21
26
16
26
20
16
26
14
19
13
17
17
7
12
14
18
16
15
16
15
12
11
9
11
9
7
11
14
17
13
10
7
10
9
5
9
9
3
16
11
12
7
6
6
14
9
4
5
8
3
7
6
5
5
6
7
8
8
4
6
8
4
2
2
3
5
5
5
5
3
4
2
6
1
3
7
1
0
2
4
3
2
2
3
4
2
1
2
2
0
4
1
5
1
0
1
1
0
1
2
0
2
1
3
3
1
1
1
1
1
0
0
2
0
2
1
1
2
1
0
1
3
0
2
0
1
1
1
0
0
0
1
0
1
1
0
2
0
0
0
1
0
1
1
0
0
0
0
2
0
0
0
0
0
0
0
1
0
0
1
0
2
0
0
0
0
0
0
0
0
1
0
0
1
0
0
0
0
0
0
0
0
0
0
2
0
0
0
0
0
1
0
0
0
0
0
0
0
0
0
0
1
0
0
0
0
0
0
0
0
0
0
0
0
0
0
0
0
0
0
0
0
0
0
0
0
0
0
0
0
0
0
0
0
0
0
0
0
0
0
0
0
0
0
0
0
0
0
0
0
0
0
0
0
0
0
0
0
0
0
1
0
0
0
0
0
0
0
0
0
0
0
0
0
0
0
0
0
0
0
0
0
0
0
0
0
0
0
0
0
0
0
0
0
0
0
0
0
0
0
0
0
0
0
0
0
0
0
0
0
0
0
0
0
0
0
0
0
0
0
0
0
0
0
0
0
0
0
0
0
0
0
0
0
0
0
0
0
0
0
0
0
0
0
0
0
0
0
0
0
0
0
0
0
0
0
0
0
0
0
0
0
0
0
0
0
0
0
0
0
0
0
0
0
0
0
0
0
0
0
0
0
0
0
0
0
0
0
0
0
0
0
0
0
0
0
0
0
0
0
0
0
0
0
0
0
0
0
0
0
0
0
0
0
0
0
0
0
0
0
0
0
0
0
0
0
0
0
0
0
0
0
0
0
0
0
0
0
0
0
0
0
0
0
0
0
0
0
0
0
0
0
0
0
0
0
0
0
0
0
0
0
0
0
0
0
0
0
0
0
0
0
0
0
0
0
0
0
0
0
0
0
0
0
0
0
0
0
0
0
0
0
0
0
0
0
0
0
0
0
0
0
0
0
0
0
0
0
0
0
0
0
0
0
0
0
0
0
0
0
0
0
0
0
0
0
0
0
0
0
0
0
0
0
0
0
0
0
0
0
0
0
0
0
0
0
0
0
0
0
0
0
0
0
0
0
0
0
0
0
0
0
0
0
0
0
0
0
0
0
0
0
0
0
0
0
0
0
0
0
0
0
0
0
0
0
0
0
0
0
0
0
0
0
0
0
0
0
0
0
0
0
0
0
0
0
0
0
0
0
0
0
0
0
0
0
0
0
0
0
0
0
0
0
0
0
0
0
0
0
0
0
0
0
0
0
0
0
0
0
0
0
0
0
0
0
0
0
0
0
0
0
0
0
0
0
0
0
0
0
0
0
0
0
0
0
0
0
0
0
0
0
0
0
0
0
0
0
0
0
0
0
0
0
0
0
0
0
0
0
0
0
0
0
0
0
0
0
0
0
0
0
0
0
0
0
0
0
0
0
0
0
0
0
0
0
0
0
0
0
0
0
0
0
0
0
0
0
0
0
0
0
0
0
0
0
0
0
0
0
0
0
0
0
0
0
0
0
0
0
0
0
0
0
0
0
0
0
0
0
0
0
0
0
0
0
0
0
0
0
0
0
0
0
0
0
0
0
0
0
0
0
0
0
0
0
0
0
0
0
0
0
0
0
0
0
0
0
0
0
0
0
0
0
0
0
0
0
0
0
0
0
0
0
0
0
0
0
0
0
0
0
0
0
0
0
0
0
0
0
0
0
0
0
0
0
0
0
0
0
0
0
0
0
0
0
0
0
0
0
0
0
0
0
0
0
0
0
0
0
0
0
0
0
0
0
0
0
0
0
0
0
0
0
0
0
0
0
0
0
0
0
0
0
0
0
0
0
0
0
0
0
0
0
0
0
0
0
0
0
0
0
0
0
0
0
0
0
0
0
0
0
0
0
0
0
0
0
0
0
0
0
0
0
0
0
0
0
0
0
0
0
0
0
0
0
0
0
0
0
0
0
0
0
0
0
0
0
0
0
0
0
0
0
0
0
0
0
0
0
0
0
0
0
0
0
0
0
0
0
0
0
0
0
0
0
0
0
0
0
0
0
0
0
0
0
0
0
0
0
0
0
0
0
0
0
0
0
0
0
0
0
0
0
0
0
0
0
0
0
0
0
0
0
0
0
0
0
0
0
0
0
0
0
0
0
0
0
0
0
0
0
0
0
0
0
0
0
0
0
0
0
0
0
0
0
0
0
0
0
0
0
0
0
0
0
0
0
0
0
0
0
0
0
0
0
0
0
0
0
0
0
0
0
0
0
0
0
0
0
0
0
0
0
0
0
0
0
0
0
0
0
0
0
0
0
0
0
0
0
0
0
0
0
0
0
0
0
0
0
0
0
0
0
0
0
0
0
0
0
0
0
0
0
0
0
0
0
0
0
0
0
0
0
0
0
0
0
0
0
0
0
0
0
0
0
0
0
0
0
0
0
0
0
0
0
0
0
0
0
0
0
0
0
0
0
0
0
0
0
0
0
0
0
0
0
0
0
0
0
0
0
0
0
0
0
0
0
0
0
0
0
0
0
0
0
0
0
0
0
0
0
0
0
0
0
0
0
0
0
0
0
0
0
0
0
0
0
0
0
0
0
0
0
0
0
0
0
0
0
0
0
0
0
0
0
0
0
0
0
0
0
0
0
0
0
0
0
0
0
0
0
0
0
0
0
0
0
0
0
0
0
0
0
0
0
0
0
0
0
0
0
0
0
0
0
0
0
0
0
0
0
0
0
0
0
0
0
0
0
0
0
0
0
0
0
0
0
0
0
0
0
0
0
0
0
0
0
0
0
0
0
0
0
0
0
0
0
0
0
0
0
0
0
0
0
0
0
0
0
0
0
0
0
0
0
0
0
0
0
0
0
0
0
0
0
0
0
0
0
0
0
0
0
0
0
0
0
0
0
0
0
0
0
0
0
0
0
0
0
0
0
0
0
0
0
0
0
0
0
0
0
0
0
0
0
0
0
0
0
0
0
0
0
0
0
0
0
0
0
0
0
0
0
0
0
0
0
0
0
0
0
0
0
0
0
0
0
0
0
0
0
0
0
0
0
0
0
0
0
0
0
0
0
0
0
0
0
0
0
0
0
0
0
0
0
0
0
0
0
0
0
0
0
0
0
0
0
0
0
0
0
0
0
0
0
0
0
0
0
0
0
0
0
0
0
0
0
0
0
0
0
0
0
0
0
0
0
0
0
0
0
0
0
0
0
0
0
0
0
0
0
0
0
0
0
0
0
0
0
0
0
0
0
0
0
0
0
0
0
0
0
0
0
0
0
0
0
0
0
0
0
0
0
0
0
0
0
0
0
0
0
0
0
0
0
0
0
0
0
0
0
0
0
0
0
0
0
0
0
0
0
0
0
0
0
0
0
0
0
0
0
0
0
0
0
0
0
0
0
0
0
0
0
0
0
0
0
0
0
0
0
0
0
0
0
0
0
0
0
0
0
0
0
0
0
0
0
0
0
0
0
0
0
0
0
0
0
0
0
0
0
0
0
0
0
0
0
0
0
0
0
0
0
0
0
0
0
0
0
0
0
0
0
0
0
0
0
0
0
0
0
0
0
0
0
0
0
0
0
0
0
0
0
0
0
0
0
0
0
0
0
0
0
0
0
0
0
0
0
0
0
0
0
0
0
0
0
0
0
0
0
0
0
0
0
0
0
0
0
0
0
0
0
0
0
0
0
0
0
0
0
0
0
0
0
0
0
0
0
0
0
0
0
0
0
0
0
0
0
0
0
0
0
0
0
0
0
0
0
0
0
0
0
0
0
0
0
0
0
0
0
0
0
0
0
0
0
0
0
0
0
0
0
0
0
0
0
0
0
0
0
0
0
0
0
0
0
0
0
0
0
0
0
0
0
0
0
0
0
0
0
0
0
0
0
0
0
0
0
0
0
0
0
0
0
0
0
0
0
0
0
0
0
0
0
0
0
0
0
0
0
0
0
0
0
0
0
0
0
0
0
0
0
0
0
0
0
0
0
0
0
0
0
0
0
0
0
0
0
0
0
0
0
0
0
0
0
0
0
0
0
0
0
0
0
0
0
0
0
0
0
0
0
0
0
0
0
0
0
0
0
0
0
0
0
0
0
0
0
0
0
0
0
0
0
0
0
0
0
0
0
0
0
0
0
0
0
0
0
0
0
0
0
0
0
0
0
0
0
0
0
0
0
0
0
0
0
0
0
0
0
0
0
0
0
0
0
0
0
0
0
0
0
0
0
0
0
0
0
0
0
0
0
0
0
0
0
0
0
0
0
0
0
0
0
0
0
0
0
0
0
0
0
0
0
0
0
0
0
0
0
0
0
0
0
0
0
0
0
0
0
0
0
0
0
0
0
0
0
0
0
0
0
0
0
0
0
0
0
0
0
0
0
0
0
0
0
0
0
0
0
0
0
0
0
0
0
0
0
0
0
0
0
0
0
0
0
0
0
0
0
0
0
0
0
0
0
0
0
0
0
0
0
0
0
0
0
0
0
0
0
0
0
0
0
0
0
0
0
0
0
0
0
0
0
0
0
0
0
0
0
0
0
0
0
0
0
0
0
0
0
0
0
0
0
0
0
0
0
0
0
0
0
0
0
0
0
0
0
0
0
0
0
0
0
0
0
0
0
0
0
0
0
0
0
0
0
0
0
0
0
0
0
0
0
0
0
0
0
0
0
0
0
0
0
0
0
0
0
0
0
0
0
0
0
0
0
0
0
0
0
0
0
0
0
0
0
0
0
0
0
0
0
0
0
0
0
0
0
0
0
0
0
0
0
0
0
0
0
0
0
0
0
0
0
0
0
0
0
0
0
0
0
0
0
0
0
0
0
0
0
0
0
0
0
0
0
0
0
0
0
0
0
0
0
0
0
0
0
0
0
0
0
0
0
0
0
0
0
0
0
0
0
0
0
0
0
0
0
0
0
0
0
0
0
0
0
0
0
0
0
0
0
0
0
0
0
0
0
0
0
0
0
0
0
0
0
0
0
0
0
0
0
0
0
0
0
0
0
0
0
0
0
0
0
0
0
0
0
0
0
0
0
0
0
0
0
0
0
0
0
0
0
0
0
0
0
0
0
0
0
0
0
0
0
0
0
0
0
0
0
0
0
0
0
0
0
0
0
0
0
0
0
0
0
0
0
0
0
0
0
0
0
0
0
0
0
0
0
0
0
0
0
0
0
0
0
0
0
0
0
0
0
0
0
0
0
0
0
0
0
0
0
0
0
0
0
0
0
0
0
0
0
0
0
0
0
0
0
0
0
0
0
0
0
0
0
0
0
0
0
0
0
0
0
0
0
0
0
0
0
0
0
0
0
0
0
0
0
0
0
0
0
0
0
0
0
0
0
0
0
0
0
0
0
0
0
0
0
0
0
0
0
0
0
0
0
0
0
0
0
0
0
0
0
0
0
0
0
0
0
0
0
0
0
0
0
0
0
0
0
0
0
0
0
0
0
0
0
0
0
0
0
0
0
0
0
0
0
0
0
0
0
0
0
0
0
0
0
0
0
0
0
0
0
0
0
0
0
0
0
0
0
0
0
0
0
0
0
0
0
0
0
0
0
0
0
0
0
0
0
0
0
0
0
0
0
0
0
0
0
0
0
0
0
0
0
0
0
0
0
0
0
0
0
0
0
0
0
0
0
0
0
0
0
0
0
0
0
0
0
0
0
0
0
0
0
0
0
0
0
0
0
0
0
0
0
0
0
0
0
0
0
0
0
0
0
0
0
