0
0
0
0
0
0
0
0
0
0
0
0
0
0
0
0
0
0
0
0
0
0
0
0
0
0
0
0
0
0
0
0
0
0
0
0
0
0
0
0
0
0
0
0
0
0
0
0
0
0
0
0
0
0
0
0
0
0
0
0
0
0
0
0
0
0
0
0
0
0
0
0
0
0
0
0
0
0
0
0
0
0
0
0
0
0
0
0
0
0
0
0
0
0
0
0
0
0
0
0
0
0
0
0
0
0
0
0
0
0
0
0
0
0
0
0
0
0
0
0
0
0
0
0
0
0
0
0
0
0
0
0
0
0
0
0
0
0
0
0
0
0
0
0
0
0
0
0
0
1
0
1
0
0
1
1
0
0
0
1
0
1
0
2
1
1
1
3
0
1
1
5
2
4
0
3
4
2
4
7
3
3
3
5
2
8
6
6
6
7
12
4
7
17
11
10
14
14
27
11
24
22
22
15
27
13
17
20
15
25
37
29
34
31
26
31
33
42
37
34
32
35
36
44
40
37
43
36
39
55
35
43
40
47
56
44
57
61
66
57
55
77
75
80
73
82
98
90
92
85
90
98
102
106
107
133
141
160
148
152
134
146
163
163
166
162
153
175
199
170
173
168
191
201
179
176
171
217
176
171
178
195
200
190
196
207
177
221
216
238
215
228
246
266
253
265
284
302
280
281
319
308
325
356
366
346
383
387
398
460
442
465
453
451
450
516
482
514
475
480
510
510
571
526
541
503
550
529
526
477
481
509
511
554
505
475
560
523
542
571
543
577
554
553
608
593
606
633
683
670
676
664
703
718
793
763
752
807
856
865
868
876
924
972
985
963
976
1050
1059
1002
965
976
1047
950
1064
1003
1049
1000
1044
1004
1001
1010
1031
949
999
972
1013
1000
958
991
964
965
1001
1106
1030
1091
994
1031
1089
1116
1105
1169
1179
1182
1180
1265
1290
1255
1323
1369
1343
1366
1404
1464
1476
1494
1604
1498
1545
1550
1580
1546
1564
1594
1571
1621
1606
1558
1616
1539
1590
1491
1560
1541
1458
1482
1432
1435
1488
1556
1472
1481
1483
1548
1516
1468
1437
1547
1531
1561
1510
1501
1653
1638
1588
1687
1713
1838
1789
1821
1894
1928
1914
1902
1928
1939
1983
2024
1973
2012
2066
2002
2083
2157
2105
2048
2091
2055
1951
2078
1950
1963
2032
1974
1866
1967
1820
1891
1888
1883
1864
1844
1911
1872
1817
1843
1875
1841
1849
1879
1957
1858
1936
1935
1996
2076
1942
2021
2036
2091
2175
2125
2267
2218
2226
2214
2284
2287
2212
2281
2257
2253
2311
2365
2333
2266
2356
2339
2297
2235
2256
2251
2178
2139
2186
2181
2149
2065
2146
2074
2104
2113
2029
2065
2077
2069
1980
1997
2001
2095
2030
2092
2097
2047
2068
2071
2124
2133
2228
2093
2182
2195
2203
2260
2266
2217
2296
2261
2278
2438
2350
2324
2276
2317
2386
2314
2404
2305
2283
2332
2227
2263
2309
2227
2247
2115
2195
2221
2111
2182
2068
2057
2082
2095
1952
1964
1962
1978
2011
1980
1943
1958
1986
2027
1988
1960
1983
1924
2050
2047
2039
2090
2129
2053
2106
2172
2110
2184
2186
2253
2190
2214
2207
2155
2226
2217
2169
2102
2153
2119
2092
2063
2128
2088
2109
1996
1971
1926
1950
1918
1932
1874
1804
1824
1852
1871
1747
1787
1754
1743
1863
1810
1817
1834
1755
1797
1729
1790
1816
1765
1764
1795
1816
1810
1756
1833
1747
1868
1834
1881
1786
1791
1840
1838
1792
1817
1784
1735
1818
1696
1762
1762
1737
1762
1679
1601
1666
1605
1629
1677
1643
1566
1636
1610
1502
1563
1496
1447
1516
1508
1532
1474
1427
1505
1447
1448
1416
1397
1404
1434
1458
1489
1404
1454
1422
1440
1421
1483
1501
1403
1370
1506
1454
1474
1396
1487
1412
1443
1457
1371
1379
1352
1373
1348
1304
1307
1293
1314
1277
1258
1260
1181
1237
1203
1231
1221
1193
1186
1153
1156
1084
1119
1191
1129
1155
1079
1131
1116
1076
1101
1116
1080
1066
1040
1053
1080
1125
1079
1043
1049
1088
1055
1051
1109
1065
1082
1029
1094
1062
1024
1070
1041
1060
1003
1013
1007
968
998
992
981
915
933
894
874
903
866
829
823
869
845
808
827
789
824
842
796
820
811
772
735
777
783
778
801
763
718
726
751
777
759
726
757
781
757
757
714
716
810
740
724
681
730
688
708
666
724
710
674
662
682
655
622
612
601
622
600
609
602
575
553
577
622
586
533
563
557
581
582
581
545
558
512
484
497
551
509
514
543
504
529
521
517
487
437
528
519
435
491
444
484
487
473
460
464
443
447
417
432
448
466
470
446
410
433
417
432
387
401
371
373
377
394
380
410
341
377
351
406
366
388
332
354
320
350
321
319
325
383
334
306
348
299
346
350
319
318
305
330
294
299
294
308
290
300
261
271
286
285
262
287
269
286
265
252
249
248
254
262
245
238
219
245
264
228
234
229
209
215
215
215
185
211
205
193
204
204
212
220
194
215
200
185
210
219
208
179
193
199
168
193
182
191
180
174
165
176
146
198
154
167
175
178
147
141
176
143
166
149
144
133
135
148
143
145
137
136
150
136
125
121
114
120
142
131
147
110
154
97
113
117
121
152
132
116
101
107
101
117
117
112
108
113
96
109
95
95
101
84
103
106
108
86
103
110
78
87
99
77
93
86
75
80
87
77
80
72
67
86
87
74
80
79
71
72
72
65
79
72
74
78
62
75
80
76
53
62
60
61
82
63
52
61
71
67
61
66
68
56
61
51
55
63
63
46
66
53
52
59
55
54
46
42
47
59
49
36
44
52
61
41
30
48
35
33
43
47
40
38
41
33
31
37
39
41
37
40
32
27
32
40
31
36
27
27
30
37
20
34
26
33
31
30
23
22
30
25
30
24
31
24
25
24
15
20
23
23
30
20
23
19
24
20
16
21
24
30
24
22
17
25
18
22
24
16
18
20
18
20
24
7
10
14
19
12
11
19
14
13
12
12
12
9
17
19
17
15
11
13
15
11
11
13
18
13
15
15
8
16
10
7
10
5
11
7
9
7
19
11
6
10
12
7
8
10
8
6
11
3
10
5
7
4
7
7
11
9
13
8
2
6
3
10
7
6
6
5
3
7
1
4
7
4
4
5
10
8
4
3
8
2
6
8
4
8
4
4
8
3
3
3
4
7
1
2
5
2
2
5
3
1
4
7
2
1
2
4
4
2
7
1
4
2
4
1
3
2
1
1
4
5
3
3
1
1
1
3
1
3
2
4
1
4
1
1
1
3
2
1
0
3
1
2
2
2
0
1
0
1
0
2
1
1
0
0
2
1
1
1
2
1
1
0
1
0
1
0
1
1
2
1
1
1
2
1
1
3
0
1
0
0
1
1
1
0
0
0
0
0
1
0
1
0
2
0
1
1
0
0
0
1
0
0
0
0
0
0
1
2
0
0
0
0
0
0
0
2
0
0
1
0
1
0
0
0
1
0
0
1
0
0
0
0
1
0
0
0
0
0
0
0
0
1
0
0
0
0
1
0
0
0
0
1
0
0
0
0
0
0
0
0
0
0
0
0
0
0
0
1
0
0
0
1
0
0
0
2
1
0
0
0
0
0
0
0
0
0
0
0
0
0
0
0
0
0
0
0
0
0
0
0
0
0
0
0
0
0
0
0
0
0
0
1
0
0
1
0
0
0
0
0
0
0
0
0
0
0
0
0
0
0
0
0
0
0
0
0
0
0
0
0
0
0
0
0
0
0
0
0
0
0
0
0
0
0
0
0
0
0
0
0
0
0
0
0
0
0
0
0
0
0
0
0
0
0
0
0
0
0
0
0
0
0
0
0
0
0
0
0
0
0
0
0
0
0
0
0
0
0
0
0
0
0
0
0
0
0
0
0
0
0
0
0
0
0
0
0
0
0
0
0
0
0
0
0
0
0
0
0
0
0
0
0
0
0
0
0
0
0
0
0
0
0
0
0
0
0
0
0
0
0
0
0
0
0
0
0
0
0
0
0
0
0
0
0
0
0
0
0
0
0
0
0
0
0
0
0
0
0
0
0
0
0
0
0
0
0
0
0
0
0
0
0
0
0
0
0
0
0
0
0
0
0
0
0
0
0
0
0
0
0
0
0
0
0
0
0
0
0
0
0
0
0
0
0
0
0
0
0
0
0
0
0
0
0
0
0
0
0
0
0
0
0
0
0
0
0
0
0
0
0
0
0
0
0
0
0
0
0
0
0
0
0
0
0
0
0
0
0
0
0
0
0
0
0
0
0
0
0
0
0
0
0
0
0
0
0
0
0
0
0
0
0
0
0
0
0
0
0
0
0
0
0
0
0
0
0
0
0
0
0
0
0
0
0
0
0
0
0
0
0
0
0
0
0
0
0
0
0
0
0
0
0
0
0
0
0
0
0
0
0
0
0
0
0
0
0
0
0
0
0
0
0
0
0
0
0
0
0
0
0
0
0
0
0
0
0
0
0
0
0
0
0
0
0
0
0
0
0
0
0
0
0
0
0
0
0
0
0
0
0
0
0
0
0
0
0
0
0
0
0
0
0
0
0
0
0
0
0
0
0
0
0
0
0
0
0
0
0
0
0
0
0
0
0
0
0
0
0
0
0
0
0
0
0
0
0
0
0
0
0
0
0
0
0
0
0
0
0
0
0
0
0
0
0
0
0
0
0
0
0
0
0
0
0
0
0
0
0
0
0
0
0
0
0
0
0
0
0
0
0
0
0
0
0
0
0
0
0
0
0
0
0
0
0
0
0
0
0
0
0
0
0
0
0
0
0
0
0
0
0
0
0
0
0
0
0
0
0
0
0
0
0
0
0
0
0
0
0
0
0
0
0
0
0
0
0
0
0
0
0
0
0
0
0
0
0
0
0
0
0
0
0
0
0
0
0
0
0
0
0
0
0
0
0
0
0
0
0
0
0
0
0
0
0
0
0
0
0
0
0
0
0
0
0
0
0
0
0
0
0
0
0
0
0
0
0
0
0
0
0
0
0
0
0
0
0
0
0
0
0
0
0
0
0
0
0
0
0
0
0
0
0
0
0
0
0
0
0
0
0
0
0
0
0
0
0
0
0
0
0
0
0
0
0
0
0
0
0
0
0
0
0
0
0
0
0
0
0
0
0
0
0
0
0
0
0
0
0
0
0
0
0
0
0
0
0
0
0
0
0
0
0
0
0
0
0
0
0
0
0
0
0
0
0
0
0
0
0
0
0
0
0
0
0
0
0
0
0
0
0
0
0
0
0
0
0
0
0
0
0
0
0
0
0
0
0
0
0
0
0
0
0
0
0
0
0
0
0
0
0
0
0
0
0
0
0
0
0
0
0
0
0
0
0
0
0
0
0
0
0
0
0
0
0
0
0
0
0
0
0
0
0
0
0
0
0
0
0
0
0
0
0
0
0
0
0
0
0
0
0
0
0
0
0
0
0
0
0
0
0
0
0
0
0
0
0
0
0
0
0
0
0
0
0
0
0
0
0
0
0
0
0
0
0
0
0
0
0
0
0
0
0
0
0
0
0
0
0
0
0
0
0
0
0
0
0
0
0
0
0
0
0
0
0
0
0
0
0
0
0
0
0
0
0
0
0
0
0
0
0
0
0
0
0
0
0
0
0
0
0
0
0
0
0
0
0
0
0
0
0
0
0
0
0
0
0
0
0
0
0
0
0
0
0
0
0
0
0
0
0
0
0
0
0
0
0
0
0
0
0
0
0
0
0
0
0
0
0
0
0
0
0
0
0
0
0
0
0
0
0
0
0
0
0
0
0
0
0
0
0
0
0
0
0
0
0
0
0
0
0
0
0
0
0
0
0
0
0
0
0
0
0
0
0
0
0
0
0
0
0
0
0
0
0
0
0
0
0
0
0
0
0
0
0
0
0
0
0
0
0
0
0
0
0
0
0
0
0
0
0
0
0
0
0
0
0
0
0
0
0
0
0
0
0
0
0
0
0
0
0
0
0
0
0
0
0
0
0
0
0
0
0
0
0
0
0
0
0
0
0
0
0
0
0
0
0
0
0
0
0
0
0
0
0
0
0
0
0
0
0
0
0
0
0
0
0
0
0
0
0
0
0
0
0
0
0
0
0
0
0
0
0
0
0
0
0
0
0
0
0
0
0
0
0
0
0
0
0
0
0
0
0
0
0
0
0
0
0
0
0
0
0
0
0
0
0
0
0
0
0
0
0
0
0
0
0
0
0
0
0
0
0
0
0
0
0
0
0
0
0
0
0
0
0
0
0
0
0
0
0
0
0
0
0
0
0
0
0
0
0
0
0
0
0
0
0
0
0
0
0
0
0
0
0
0
0
0
0
0
0
0
0
0
0
0
0
0
0
0
0
0
0
0
0
0
0
0
0
0
0
0
0
0
0
0
0
0
0
0
0
0
0
0
0
0
0
0
0
0
0
0
0
0
0
0
0
0
0
0
0
0
0
0
0
0
0
0
0
0
0
0
0
0
0
0
0
0
0
0
0
0
0
0
0
0
0
0
0
0
0
0
0
0
0
0
0
0
0
0
0
0
0
0
0
0
0
0
0
0
0
0
0
0
0
0
0
0
0
0
0
0
0
0
0
0
0
0
0
0
0
0
0
0
0
0
0
0
0
0
0
0
0
0
0
0
0
0
0
0
0
0
0
0
0
0
0
0
0
0
0
0
0
0
0
0
0
0
0
0
0
0
0
0
0
0
0
0
0
0
0
0
0
0
0
0
0
0
0
0
0
0
0
0
0
0
0
0
0
0
0
0
0
0
0
0
0
0
0
0
0
0
0
0
0
0
0
0
0
0
0
0
0
0
0
0
0
0
0
0
0
0
0
0
0
0
0
0
0
0
0
0
0
0
0
0
0
0
0
0
0
0
0
0
0
0
0
0
0
0
0
0
0
0
0
0
0
0
0
0
0
0
0
0
0
0
0
0
0
0
0
0
0
0
0
0
0
0
0
0
0
0
0
0
0
0
0
0
0
0
0
0
0
0
0
0
0
0
0
0
0
0
0
0
0
0
0
0
0
0
0
0
0
0
0
0
0
0
0
0
0
0
0
0
0
0
0
0
0
0
0
0
0
0
0
0
0
0
0
0
0
0
0
0
0
0
0
0
0
0
0
0
0
0
0
0
0
0
0
0
0
0
0
0
0
0
0
0
0
0
0
0
0
0
0
0
0
0
0
0
0
0
0
0
0
0
0
0
0
0
0
0
0
0
0
0
0
0
0
0
0
0
0
0
0
0
0
0
0
0
0
0
0
0
0
0
0
0
0
0
0
0
0
0
0
0
0
0
0
0
0
0
0
0
0
0
0
0
0
0
0
0
0
0
0
0
0
0
0
0
0
0
0
0
0
0
0
0
0
0
0
0
0
0
0
0
0
0
0
0
0
0
0
0
0
0
0
0
0
0
0
0
0
0
0
0
0
0
0
0
0
0
0
0
0
0
0
0
0
0
0
0
0
0
0
0
0
0
0
0
0
0
0
0
0
0
0
0
0
0
0
0
0
0
0
0
0
0
0
0
0
0
0
0
0
0
0
0
0
0
0
0
0
0
0
0
0
0
0
0
0
0
0
0
0
0
0
0
0
0
0
0
0
0
0
0
0
0
0
0
0
0
0
0
0
0
0
0
0
0
0
0
0
0
0
0
0
0
0
0
0
0
0
0
0
0
0
0
0
0
0
0
0
0
0
0
0
0
0
0
0
0
0
0
0
0
0
0
0
0
0
0
0
0
0
0
0
0
0
0
0
0
0
0
0
0
0
0
0
0
0
0
0
0
0
0
0
0
0
0
0
0
0
0
0
0
0
0
0
0
0
0
0
0
0
0
0
0
0
0
0
0
0
0
0
0
0
0
0
0
0
0
0
0
0
0
0
0
0
0
0
0
0
0
0
0
0
0
0
0
0
0
0
0
0
0
0
0
0
0
0
0
0
0
0
0
0
0
0
0
0
0
0
0
0
0
0
0
0
0
0
0
0
0
0
0
0
0
0
0
0
0
0
0
0
0
0
0
0
0
0
0
0
0
0
0
0
0
0
0
0
0
0
0
0
0
0
0
0
0
0
0
0
0
0
0
0
0
0
0
0
0
0
0
0
0
0
0
0
0
0
0
0
0
0
0
0
0
0
0
0
0
0
0
0
0
0
0
0
0
0
0
0
0
0
0
0
0
0
0
0
0
0
0
0
0
0
0
0
0
0
0
0
0
0
0
0
0
0
0
0
0
0
0
0
0
0
0
0
0
0
0
0
0
0
0
0
0
0
0
0
0
0
0
0
0
0
0
0
0
0
0
0
0
0
0
0
0
0
0
0
0
0
0
0
0
0
0
0
0
0
0
0
0
0
0
0
0
0
0
0
0
0
0
0
0
0
0
0
0
0
0
0
0
0
0
0
0
0
0
0
0
0
0
0
0
0
0
0
0
0
0
0
0
0
0
0
0
0
0
0
0
0
0
0
0
0
0
0
0
0
0
0
0
0
0
0
0
0
0
0
0
0
0
0
0
0
0
0
0
0
0
0
0
0
0
0
0
0
0
0
0
0
0
0
0
0
0
0
0
0
0
0
0
0
0
0
0
0
0
0
0
0
0
0
0
0
0
0
0
0
0
0
0
0
0
0
0
0
0
0
0
0
0
0
0
0
0
0
0
0
0
0
0
0
0
0
0
0
0
0
0
0
0
0
0
0
0
0
0
0
0
0
0
0
0
0
0
0
0
0
0
0
0
0
0
0
0
0
0
0
0
0
0
0
0
0
0
0
0
0
0
0
0
0
0
0
0
0
0
0
0
0
0
0
0
0
0
0
0
0
0
0
0
0
0
0
0
0
0
0
0
0
0
0
0
0
0
0
0
0
0
0
0
0
0
0
0
0
0
0
0
0
0
0
0
0
0
0
0
0
0
0
0
0
0
0
0
0
0
0
0
0
0
0
0
0
0
0
0
0
0
0
0
0
0
0
0
0
0
0
0
0
0
0
0
0
0
0
0
0
0
0
0
0
0
0
0
0
0
0
0
0
0
0
0
0
0
0
0
0
0
0
0
0
0
0
0
0
0
0
0
0
0
0
0
0
0
0
0
0
0
0
0
0
0
0
0
0
0
0
0
0
0
0
0
0
0
0
0
0
0
0
0
0
0
0
0
0
0
0
0
0
0
0
0
0
0
0
0
0
0
0
0
0
0
0
0
0
0
0
0
0
0
0
0
0
0
0
0
0
0
0
0
0
0
0
0
0
0
0
0
0
0
0
0
0
0
0
0
0
0
0
0
0
0
0
0
0
0
0
0
0
0
0
0
0
0
0
0
0
0
0
0
0
0
0
0
0
0
0
0
0
0
0
0
0
0
0
0
0
0
0
0
0
0
0
0
0
0
0
0
0
0
0
0
0
0
0
0
0
0
0
0
0
0
0
0
0
0
0
0
0
0
0
0
0
0
0
0
0
0
0
0
0
0
0
0
0
0
0
0
0
0
0
0
0
0
0
0
0
0
0
0
0
0
0
0
0
0
0
0
0
0
0
0
0
0
0
0
0
0
0
0
0
0
