0
0
0
0
0
0
0
0
0
0
0
0
0
0
0
0
0
0
0
0
0
0
0
0
0
0
0
0
0
0
0
0
0
0
0
0
0
0
0
0
0
0
0
0
0
0
0
0
0
0
0
0
0
0
0
0
0
0
0
0
0
0
0
0
0
0
0
0
0
0
0
0
0
0
0
0
0
0
0
0
0
0
0
0
0
0
0
0
0
0
0
0
0
0
0
0
0
0
0
0
0
0
0
0
0
0
0
0
0
0
0
0
0
0
0
0
0
0
0
0
0
0
0
0
0
0
0
0
0
0
0
0
0
0
0
0
0
0
0
0
0
0
0
0
0
0
0
0
0
0
0
0
0
0
0
0
0
0
0
0
0
0
0
0
0
0
0
0
0
0
0
0
0
0
0
0
0
0
0
0
0
0
0
0
0
0
0
0
0
0
0
0
0
0
0
0
0
0
0
0
0
0
0
0
0
0
0
0
0
0
0
0
0
0
0
0
0
0
0
0
0
0
0
0
0
0
0
0
0
0
0
0
0
0
0
0
0
0
0
0
0
0
0
0
0
0
0
0
0
0
0
0
0
0
0
0
0
0
0
0
0
0
0
0
0
0
0
0
0
0
0
0
1
0
0
0
0
0
1
1
0
1
0
0
1
3
1
0
0
0
0
1
1
0
0
0
1
2
0
0
2
1
2
0
0
0
3
2
0
1
2
2
1
2
1
0
0
0
4
1
0
2
1
3
1
0
1
0
0
4
3
2
2
3
2
0
4
2
5
3
4
6
5
4
6
1
4
1
8
8
7
4
4
4
5
3
5
4
9
5
8
10
7
8
3
4
5
4
5
9
6
8
5
8
9
11
14
12
17
15
12
17
13
18
5
17
23
18
15
20
20
21
22
17
23
25
21
15
11
18
26
20
40
21
24
17
26
25
15
25
28
28
28
31
29
29
32
42
44
34
42
46
47
50
57
65
48
50
60
46
52
69
53
63
61
66
45
71
58
52
58
57
52
67
54
67
53
81
63
64
64
76
72
88
81
82
92
89
100
90
98
98
100
101
122
128
109
148
117
117
122
131
145
133
116
126
129
134
138
134
133
144
125
126
127
121
148
138
134
137
144
152
157
146
172
176
192
214
211
198
213
219
254
255
236
232
257
248
254
249
246
284
234
242
259
246
287
276
232
243
270
254
252
261
270
293
275
290
261
262
315
319
303
331
347
335
345
393
393
404
396
448
422
428
444
401
422
454
455
493
435
448
494
462
499
413
485
439
479
483
462
474
456
538
458
460
457
488
485
495
492
543
542
547
570
578
622
575
590
645
633
632
631
714
757
760
717
692
724
709
762
729
731
736
707
728
717
782
743
741
754
754
718
781
743
704
722
742
801
782
806
836
871
894
916
898
901
925
974
959
949
1022
1030
1002
1027
1048
1000
1065
1115
1007
1088
1081
1079
1046
1044
1044
1035
1138
1087
1049
1006
1050
1059
1079
1128
1077
1100
1099
1150
1191
1138
1171
1218
1196
1228
1210
1268
1312
1333
1333
1288
1345
1338
1355
1369
1336
1424
1472
1423
1500
1406
1441
1470
1316
1375
1407
1383
1451
1410
1375
1399
1365
1401
1427
1423
1362
1425
1439
1458
1456
1498
1504
1595
1585
1554
1554
1581
1621
1653
1640
1649
1751
1671
1783
1654
1848
1718
1737
1793
1770
1820
1767
1774
1759
1826
1711
1778
1747
1796
1677
1706
1704
1651
1745
1783
1767
1720
1823
1790
1764
1769
1822
1816
1855
1912
1874
1977
1886
1993
1928
1957
1950
2054
1941
1956
1970
1960
2080
1978
1952
1930
1998
1870
2015
1961
2006
1884
1925
1905
1937
1909
1907
1938
1948
1924
1965
2073
2002
1957
2068
2082
2088
2004
1990
2074
2089
2080
2106
2047
2157
2184
2140
2255
2188
2149
2192
2173
2217
2151
2240
2093
2277
2138
2164
2025
2082
2074
2088
2016
2078
2026
1995
2109
2070
2035
2002
2112
2047
2175
2041
2105
2087
2084
2110
2095
2156
2226
2136
2259
2154
2274
2241
2175
2186
2234
2234
2176
2206
2082
2229
2184
2196
2126
2080
2140
2089
2107
2108
2032
2092
2095
2151
2106
2029
2023
2137
2096
2071
2069
1988
2111
2077
2136
2122
2100
2209
2116
2072
2061
2151
2071
2167
2081
2170
2023
2077
2056
2086
2084
2018
2125
2073
1979
2011
1986
2017
2027
1912
1919
1992
1925
1904
1920
1923
1879
1871
1978
1919
1926
1980
1988
1899
1955
1828
1903
2016
1923
1946
1878
1943
1910
1909
1986
1887
1884
1839
1867
1923
1897
1864
1853
1866
1722
1803
1727
1764
1765
1711
1726
1681
1798
1761
1729
1764
1769
1679
1726
1631
1688
1725
1700
1677
1737
1750
1666
1680
1686
1645
1647
1671
1703
1679
1715
1669
1578
1704
1618
1591
1624
1557
1635
1541
1536
1550
1515
1551
1530
1494
1424
1507
1440
1441
1438
1508
1467
1442
1434
1434
1468
1400
1399
1463
1400
1394
1401
1420
1317
1398
1429
1389
1378
1356
1338
1318
1335
1257
1273
1341
1295
1319
1335
1240
1249
1201
1272
1258
1300
1259
1191
1192
1175
1248
1192
1192
1168
1187
1116
1143
1154
1158
1109
1165
1107
1142
1124
1130
1084
1096
1019
1061
1123
1092
1018
1077
966
1073
1017
1021
1034
988
1024
1018
980
993
967
913
947
859
908
919
929
920
914
893
871
899
880
873
895
857
886
828
835
850
884
859
846
800
811
809
828
807
771
841
772
809
785
756
803
674
740
780
726
727
659
702
706
707
736
689
702
619
650
663
644
705
651
650
639
666
613
654
641
654
613
611
607
592
593
586
563
580
567
546
554
571
541
518
530
581
509
507
511
507
544
522
528
449
515
473
446
467
429
476
480
467
445
480
487
450
457
439
456
457
458
439
470
429
399
409
399
411
401
372
402
377
395
344
388
355
348
370
370
352
350
347
344
356
326
326
328
333
291
326
328
301
298
302
296
286
312
301
282
287
283
288
247
278
285
244
288
259
257
259
236
268
258
254
240
232
236
240
229
236
249
244
227
206
190
203
217
220
219
172
198
205
192
174
189
160
149
177
167
191
195
183
149
187
168
148
144
166
160
154
156
153
166
141
130
120
152
128
121
106
120
148
129
120
110
106
115
133
122
130
110
98
110
116
106
86
109
107
96
94
94
92
99
99
91
78
96
82
82
89
68
83
75
78
72
70
69
72
65
75
69
65
60
58
65
61
65
55
59
49
65
66
54
49
46
53
51
51
58
41
40
44
54
43
45
39
48
44
39
33
35
39
42
35
27
25
29
24
43
20
33
23
28
23
31
30
27
32
24
22
23
29
26
23
21
30
18
29
26
14
22
21
20
11
19
18
9
17
10
15
19
17
10
17
7
16
7
9
17
16
13
13
9
6
11
10
13
8
11
11
7
4
7
13
14
7
6
3
7
3
7
11
5
3
6
6
1
1
7
8
3
5
2
2
4
9
5
6
2
3
4
4
6
2
5
5
5
5
6
2
4
2
3
0
5
3
1
3
5
1
1
1
3
5
3
0
1
2
0
0
1
4
4
5
1
5
3
1
2
1
1
1
1
1
2
0
0
0
1
3
2
0
0
1
0
3
0
0
0
1
0
0
0
0
0
0
0
0
1
0
1
0
0
1
1
1
0
0
0
0
0
1
0
0
0
0
0
0
0
0
0
0
0
0
0
0
0
0
0
0
1
0
1
0
0
0
0
0
1
0
0
0
0
0
0
0
0
0
0
0
0
0
0
0
0
0
0
0
0
0
0
0
1
0
0
0
0
0
0
0
0
0
0
0
0
0
0
0
0
0
0
0
0
0
0
0
0
0
0
0
0
0
0
0
0
0
0
0
0
0
0
0
0
0
0
0
0
0
0
0
0
0
0
0
0
0
0
0
0
0
0
0
0
0
0
0
0
0
0
0
0
0
0
0
0
0
0
0
0
0
0
0
0
0
0
0
0
0
0
0
0
0
0
0
0
0
0
0
0
0
0
0
0
0
0
0
0
0
0
0
0
0
0
0
0
0
0
0
0
0
0
0
0
0
0
0
0
0
0
0
0
0
0
0
0
0
0
0
0
0
0
0
0
0
0
0
0
0
0
0
0
0
0
0
0
0
0
0
0
0
0
0
0
0
0
0
0
0
0
0
0
0
0
0
0
0
0
0
0
0
0
0
0
0
0
0
0
0
0
0
0
0
0
0
0
0
0
0
0
0
0
0
0
0
0
0
0
0
0
0
0
0
0
0
0
0
0
0
0
0
0
0
0
0
0
0
0
0
0
0
0
0
0
0
0
0
0
0
0
0
0
0
0
0
0
0
0
0
0
0
0
0
0
0
0
0
0
0
0
0
0
0
0
0
0
0
0
0
0
0
0
0
0
0
0
0
0
0
0
0
0
0
0
0
0
0
0
0
0
0
0
0
0
0
0
0
0
0
0
0
0
0
0
0
0
0
0
0
0
0
0
0
0
0
0
0
0
0
0
0
0
0
0
0
0
0
0
0
0
0
0
0
0
0
0
0
0
0
0
0
0
0
0
0
0
0
0
0
0
0
0
0
0
0
0
0
0
0
0
0
0
0
0
0
0
0
0
0
0
0
0
0
0
0
0
0
0
0
0
0
0
0
0
0
0
0
0
0
0
0
0
0
0
0
0
0
0
0
0
0
0
0
0
0
0
0
0
0
0
0
0
0
0
0
0
0
0
0
0
0
0
0
0
0
0
0
0
0
0
0
0
0
0
0
0
0
0
0
0
0
0
0
0
0
0
0
0
0
0
0
0
0
0
0
0
0
0
0
0
0
0
0
0
0
0
0
0
0
0
0
0
0
0
0
0
0
0
0
0
0
0
0
0
0
0
0
0
0
0
0
0
0
0
0
0
0
0
0
0
0
0
0
0
0
0
0
0
0
0
0
0
0
0
0
0
0
0
0
0
0
0
0
0
0
0
0
0
0
0
0
0
0
0
0
0
0
0
0
0
0
0
0
0
0
0
0
0
0
0
0
0
0
0
0
0
0
0
0
0
0
0
0
0
0
0
0
0
0
0
0
0
0
0
0
0
0
0
0
0
0
0
0
0
0
0
0
0
0
0
0
0
0
0
0
0
0
0
0
0
0
0
0
0
0
0
0
0
0
0
0
0
0
0
0
0
0
0
0
0
0
0
0
0
0
0
0
0
0
0
0
0
0
0
0
0
0
0
0
0
0
0
0
0
0
0
0
0
0
0
0
0
0
0
0
0
0
0
0
0
0
0
0
0
0
0
0
0
0
0
0
0
0
0
0
0
0
0
0
0
0
0
0
0
0
0
0
0
0
0
0
0
0
0
0
0
0
0
0
0
0
0
0
0
0
0
0
0
0
0
0
0
0
0
0
0
0
0
0
0
0
0
0
0
0
0
0
0
0
0
0
0
0
0
0
0
0
0
0
0
0
0
0
0
0
0
0
0
0
0
0
0
0
0
0
0
0
0
0
0
0
0
0
0
0
0
0
0
0
0
0
0
0
0
0
0
0
0
0
0
0
0
0
0
0
0
0
0
0
0
0
0
0
0
0
0
0
0
0
0
0
0
0
0
0
0
0
0
0
0
0
0
0
0
0
0
0
0
0
0
0
0
0
0
0
0
0
0
0
0
0
0
0
0
0
0
0
0
0
0
0
0
0
0
0
0
0
0
0
0
0
0
0
0
0
0
0
0
0
0
0
0
0
0
0
0
0
0
0
0
0
0
0
0
0
0
0
0
0
0
0
0
0
0
0
0
0
0
0
0
0
0
0
0
0
0
0
0
0
0
0
0
0
0
0
0
0
0
0
0
0
0
0
0
0
0
0
0
0
0
0
0
0
0
0
0
0
0
0
0
0
0
0
0
0
0
0
0
0
0
0
0
0
0
0
0
0
0
0
0
0
0
0
0
0
0
0
0
0
0
0
0
0
0
0
0
0
0
0
0
0
0
0
0
0
0
0
0
0
0
0
0
0
0
0
0
0
0
0
0
0
0
0
0
0
0
0
0
0
0
0
0
0
0
0
0
0
0
0
0
0
0
0
0
0
0
0
0
0
0
0
0
0
0
0
0
0
0
0
0
0
0
0
0
0
0
0
0
0
0
0
0
0
0
0
0
0
0
0
0
0
0
0
0
0
0
0
0
0
0
0
0
0
0
0
0
0
0
0
0
0
0
0
0
0
0
0
0
0
0
0
0
0
0
0
0
0
0
0
0
0
0
0
0
0
0
0
0
0
0
0
0
0
0
0
0
0
0
0
0
0
0
0
0
0
0
0
0
0
0
0
0
0
0
0
0
0
0
0
0
0
0
0
0
0
0
0
0
0
0
0
0
0
0
0
0
0
0
0
0
0
0
0
0
0
0
0
0
0
0
0
0
0
0
0
0
0
0
0
0
0
0
0
0
0
0
0
0
0
0
0
0
0
0
0
0
0
0
0
0
0
0
0
0
0
0
0
0
0
0
0
0
0
0
0
0
0
0
0
0
0
0
0
0
0
0
0
0
0
0
0
0
0
0
0
0
0
0
0
0
0
0
0
0
0
0
0
0
0
0
0
0
0
0
0
0
0
0
0
0
0
0
0
0
0
0
0
0
0
0
0
0
0
0
0
0
0
0
0
0
0
0
0
0
0
0
0
0
0
0
0
0
0
0
0
0
0
0
0
0
0
0
0
0
0
0
0
0
0
0
0
0
0
0
0
0
0
0
0
0
0
0
0
0
0
0
0
0
0
0
0
0
0
0
0
0
0
0
0
0
0
0
0
0
0
0
0
0
0
0
0
0
0
0
0
0
0
0
0
0
0
0
0
0
0
0
0
0
0
0
0
0
0
0
0
0
0
0
0
0
0
0
0
0
0
0
0
0
0
0
0
0
0
0
0
0
0
0
0
0
0
0
0
0
0
0
0
0
0
0
0
0
0
0
0
0
0
0
0
0
0
0
0
0
0
0
0
0
0
0
0
0
0
0
0
0
0
0
0
0
0
0
0
0
0
0
0
0
0
0
0
0
0
0
0
0
0
0
0
0
0
0
0
0
0
0
0
0
0
0
0
0
0
0
0
0
0
0
0
0
0
0
0
0
0
0
0
0
0
0
0
0
0
0
0
0
0
0
0
0
0
0
0
0
0
0
0
0
0
0
0
0
0
0
0
0
0
0
0
0
0
0
0
0
0
0
0
0
0
0
0
0
0
0
0
0
0
0
0
0
0
0
0
0
0
0
0
0
0
0
0
0
0
0
0
0
0
0
0
0
0
0
0
0
0
0
0
0
0
0
0
0
0
0
0
0
0
0
0
0
0
0
0
0
0
0
0
0
0
0
0
0
0
0
0
0
0
0
0
0
0
0
0
0
0
0
0
0
0
0
0
0
0
0
0
0
0
0
0
0
0
0
0
0
0
0
0
0
0
0
0
0
0
0
0
0
0
0
0
0
0
0
0
0
0
0
0
0
0
0
0
0
0
0
0
0
0
0
0
0
0
0
0
0
0
0
0
0
0
0
0
0
0
0
0
0
0
0
0
0
0
0
0
0
0
0
0
0
0
0
0
0
0
0
0
0
0
0
0
0
0
0
0
0
0
0
0
0
0
0
0
0
0
0
0
0
0
0
0
0
0
0
0
0
0
0
0
0
0
0
0
0
0
0
0
0
0
0
0
0
0
0
0
0
0
0
0
0
0
0
0
0
0
0
0
0
0
0
0
0
0
0
0
0
0
0
0
0
0
0
0
0
0
0
0
0
0
0
0
0
0
0
0
0
0
0
0
0
0
0
0
0
0
0
0
0
0
0
0
0
0
0
0
0
0
0
0
0
0
0
0
0
0
0
0
0
0
0
0
0
0
0
0
0
0
0
0
0
0
0
0
0
0
0
0
0
0
0
0
0
0
0
0
0
0
0
0
0
0
0
0
0
0
0
0
0
0
0
0
0
0
0
0
0
0
0
0
0
0
0
0
0
0
0
0
0
0
0
0
0
0
0
0
0
0
0
0
0
0
0
0
0
0
0
0
0
0
0
0
0
0
0
0
0
0
0
0
0
0
0
0
0
0
0
0
0
0
0
0
0
0
0
0
0
0
0
0
0
0
0
0
0
0
0
0
0
0
0
0
0
0
0
0
0
0
0
0
0
0
0
0
0
0
0
0
0
0
0
0
0
0
0
0
0
0
0
0
0
0
0
0
0
0
0
0
0
0
0
0
0
0
0
0
0
0
0
0
0
0
0
0
0
0
0
0
0
0
0
0
0
0
0
0
0
0
0
0
0
0
0
0
0
0
0
0
0
0
0
0
0
0
0
0
0
0
0
0
0
0
0
0
0
0
0
0
0
0
0
0
0
0
0
0
0
0
0
0
0
0
0
0
0
0
0
0
0
0
0
0
0
0
0
0
0
0
0
0
0
0
0
0
0
0
0
0
0
0
0
0
0
0
0
0
0
0
0
0
0
0
0
0
0
0
0
0
0
0
0
0
0
0
0
0
0
0
0
0
0
0
0
0
0
0
0
0
0
0
0
0
0
0
0
0
0
0
0
0
0
0
0
0
0
0
0
0
0
0
0
0
0
0
0
0
0
0
0
0
0
0
0
0
0
0
0
0
0
0
0
0
0
0
0
0
0
0
0
0
0
0
0
0
0
0
0
0
0
0
0
0
0
0
0
0
0
0
0
0
0
0
0
0
0
0
0
0
0
0
0
0
0
0
0
0
0
0
0
0
0
0
0
0
0
0
0
0
0
0
0
0
0
0
0
0
0
0
0
0
0
0
0
0
0
0
0
0
0
0
0
0
0
0
0
0
0
0
0
0
0
0
0
0
0
0
0
0
0
0
0
0
0
0
0
0
0
0
0
0
0
0
0
0
0
0
0
0
0
0
0
0
0
0
0
0
0
0
0
0
0
0
0
0
0
0
0
0
0
0
0
0
0
0
0
0
0
0
0
0
0
0
0
0
0
0
0
0
0
0
0
0
0
0
0
0
0
0
0
0
0
0
0
0
0
0
0
0
0
0
0
0
0
0
0
0
0
0
0
0
0
0
0
0
0
0
0
0
0
0
0
0
0
0
0
0
0
0
0
0
0
0
0
0
0
0
0
0
0
0
0
0
0
0
0
0
0
0
0
0
0
0
0
0
0
0
0
0
0
0
0
0
0
0
0
0
0
0
0
0
0
0
0
0
0
0
0
0
0
0
0
0
0
0
0
0
0
0
0
0
0
0
0
0
0
0
0
0
0
0
0
0
0
0
0
0
0
0
0
0
0
0
0
0
0
0
0
0
0
0
0
0
0
0
0
0
0
0
0
0
0
0
0
0
0
0
0
0
0
0
0
0
0
0
0
0
0
0
0
0
0
0
0
0
0
0
0
0
0
0
0
0
0
0
0
0
0
0
0
0
0
0
0
0
0
0
0
0
0
0
0
0
0
0
0
0
0
0
0
0
0
0
0
0
0
0
0
0
0
0
0
0
0
0
0
0
0
0
0
0
0
0
0
0
0
0
0
0
0
0
0
0
0
0
0
0
0
0
0
0
0
0
0
0
0
0
0
0
0
0
0
0
0
0
0
