0
0
0
0
0
0
0
0
0
0
0
0
0
0
0
0
0
0
0
0
0
0
0
0
0
0
0
0
0
0
0
0
0
0
0
0
0
0
0
0
0
0
0
0
0
0
0
0
0
0
0
0
0
0
0
0
0
0
0
0
0
0
0
0
0
0
0
0
0
0
0
0
0
0
0
0
0
0
0
0
0
0
0
0
0
0
0
0
0
0
0
0
0
0
0
0
0
0
0
0
0
0
0
0
0
0
0
0
0
0
0
0
0
0
0
0
0
0
0
0
0
0
0
0
0
0
0
0
0
0
0
0
0
0
0
0
0
0
0
0
0
0
0
0
0
0
0
0
0
0
0
0
0
0
0
0
0
0
0
0
0
0
0
0
0
0
0
0
0
0
0
0
0
0
0
0
0
0
0
0
0
0
0
0
0
0
0
0
0
0
0
0
0
0
0
0
0
0
0
0
0
0
0
0
0
0
0
0
0
0
0
0
0
0
0
0
0
0
0
0
0
0
0
0
0
0
0
0
0
0
0
0
0
0
0
0
0
0
0
0
0
0
0
1
0
0
0
0
1
0
0
0
0
0
0
0
1
0
0
0
0
0
1
0
0
0
0
0
0
0
0
0
0
0
0
1
0
0
0
0
0
0
1
0
0
0
1
0
0
1
0
0
1
1
0
0
0
1
0
0
0
1
0
1
0
1
0
1
0
0
0
1
1
0
0
0
0
0
1
0
1
0
0
0
0
0
2
1
1
0
1
1
0
1
1
0
0
0
1
1
0
1
1
3
0
3
1
0
1
3
2
0
4
3
1
5
4
0
2
3
2
1
3
5
7
2
3
3
1
6
5
3
2
6
7
4
5
3
5
3
4
1
5
5
3
2
7
7
6
5
9
7
3
4
3
6
6
6
5
10
5
4
9
10
9
6
7
8
13
7
7
12
11
8
14
7
6
10
14
10
11
6
13
7
16
7
14
19
14
9
12
16
11
11
15
19
14
16
11
14
13
20
10
25
15
18
20
24
15
22
17
27
31
22
20
28
15
25
24
29
24
30
33
32
28
36
35
35
22
29
36
28
31
26
28
24
29
19
33
37
42
39
30
26
36
40
28
37
37
34
51
37
38
57
50
53
43
47
51
60
51
65
57
62
64
55
71
67
50
75
65
63
68
73
70
73
69
56
60
64
66
62
66
64
71
75
73
56
71
86
76
75
71
83
84
92
73
92
100
89
104
104
115
111
114
102
107
115
136
138
104
135
137
113
132
136
114
132
134
134
145
146
138
155
123
132
123
132
156
146
140
126
130
156
133
139
151
140
161
156
159
177
147
157
190
162
171
198
168
194
194
214
194
208
211
201
226
215
229
234
213
252
227
224
253
245
214
240
221
215
262
238
253
263
273
252
236
275
252
242
238
239
258
241
290
280
248
272
283
276
281
291
287
269
315
286
316
322
300
335
376
328
333
316
364
372
365
417
403
410
384
389
380
442
408
388
388
432
393
426
419
403
395
426
449
432
387
448
411
428
416
424
396
450
394
452
449
463
428
466
475
475
535
488
528
504
469
513
542
569
538
507
582
556
552
545
628
602
605
569
580
598
603
606
639
607
587
570
618
579
574
558
576
600
549
588
613
581
634
636
615
628
589
600
642
682
623
693
709
679
692
655
710
743
738
728
724
743
750
790
763
780
764
780
822
816
860
824
819
796
830
856
864
862
896
870
819
857
831
800
843
834
773
811
801
836
814
809
891
826
912
905
870
846
930
855
921
917
924
956
957
974
1017
974
948
1012
1028
1048
1063
1016
1012
1053
1024
1036
994
1030
1028
1038
1060
1074
1052
1043
1066
1139
1150
1091
1102
1091
1028
1072
983
1058
1076
1054
1048
1067
1043
1111
1106
1067
1141
1058
1112
1110
1116
1144
1167
1158
1161
1208
1200
1151
1247
1208
1211
1212
1294
1204
1236
1260
1235
1272
1300
1282
1348
1342
1313
1281
1231
1222
1282
1267
1266
1314
1263
1276
1238
1312
1281
1286
1266
1315
1319
1326
1270
1272
1248
1305
1315
1320
1335
1337
1268
1420
1297
1388
1397
1441
1393
1422
1371
1388
1494
1440
1461
1484
1441
1512
1493
1467
1482
1507
1496
1461
1422
1466
1519
1407
1441
1410
1467
1434
1502
1450
1422
1420
1416
1431
1427
1415
1448
1426
1432
1361
1502
1369
1487
1470
1420
1520
1518
1458
1538
1507
1631
1535
1573
1409
1558
1570
1503
1624
1591
1625
1619
1574
1561
1546
1535
1578
1587
1570
1638
1560
1580
1570
1605
1544
1599
1490
1531
1555
1535
1568
1522
1513
1571
1516
1496
1478
1533
1575
1617
1529
1580
1615
1554
1590
1602
1586
1644
1607
1609
1655
1658
1621
1615
1572
1653
1650
1575
1582
1634
1630
1641
1665
1645
1599
1584
1620
1642
1509
1650
1584
1536
1595
1626
1578
1580
1546
1565
1611
1647
1647
1604
1580
1584
1487
1569
1577
1617
1612
1522
1605
1650
1658
1574
1574
1558
1567
1627
1584
1626
1534
1640
1605
1612
1540
1631
1681
1630
1595
1565
1603
1614
1538
1574
1545
1547
1614
1631
1591
1570
1556
1547
1541
1546
1518
1532
1616
1573
1549
1534
1562
1445
1481
1524
1620
1498
1517
1502
1496
1527
1527
1488
1495
1494
1507
1512
1527
1488
1554
1526
1449
1446
1487
1497
1493
1490
1494
1494
1529
1452
1479
1456
1457
1438
1479
1498
1465
1379
1394
1436
1486
1479
1360
1385
1387
1423
1416
1399
1472
1429
1403
1343
1408
1320
1428
1374
1423
1375
1406
1379
1377
1380
1352
1381
1437
1379
1361
1412
1327
1294
1329
1396
1291
1372
1340
1330
1312
1348
1369
1316
1379
1330
1377
1212
1323
1211
1294
1254
1282
1259
1257
1249
1214
1239
1287
1242
1214
1241
1243
1243
1200
1202
1194
1169
1243
1215
1254
1174
1259
1186
1185
1184
1184
1209
1189
1258
1172
1171
1115
1204
1171
1103
1158
1154
1163
1119
1103
1126
1096
1129
1095
1082
1098
1073
1042
1094
1115
1019
1045
1040
1045
1031
1006
1027
1029
1033
1026
968
1047
1049
1028
969
976
965
996
997
961
888
936
966
958
889
947
943
948
939
936
957
869
926
860
837
911
895
938
890
827
779
836
818
831
875
795
780
806
800
764
715
719
766
754
780
756
743
753
753
701
735
711
687
713
720
664
647
698
647
696
658
678
699
679
681
606
640
646
654
657
645
594
594
633
575
589
596
549
591
587
594
614
548
540
527
557
528
496
482
513
491
489
476
521
500
469
488
492
486
456
450
465
423
435
415
473
411
432
413
405
424
423
434
367
381
396
437
366
413
388
387
352
374
329
342
345
347
332
321
333
315
330
343
316
282
311
297
265
308
267
274
277
255
263
275
263
264
226
250
248
225
244
244
207
238
212
241
222
206
187
216
205
227
220
200
219
194
207
194
171
186
185
193
197
193
165
178
163
173
175
187
173
154
159
148
156
128
117
166
136
158
135
115
134
145
101
134
107
116
122
105
102
108
91
108
101
100
80
113
96
97
95
102
97
98
80
97
97
75
86
87
77
83
69
74
64
81
79
65
74
53
74
58
66
77
46
68
53
68
63
46
49
49
43
49
45
58
55
55
41
51
44
40
39
41
33
51
55
42
36
40
31
39
36
30
26
24
34
35
39
26
33
23
27
26
24
20
28
22
29
28
34
34
18
22
17
25
23
23
27
27
13
20
15
15
20
17
19
21
15
9
16
8
19
12
19
15
16
13
12
9
5
10
13
13
10
15
8
8
7
9
9
14
6
14
9
11
12
7
3
4
11
4
7
7
5
5
13
6
7
5
10
7
7
8
6
4
4
7
6
12
8
6
7
6
5
11
3
4
5
3
5
4
1
2
2
0
2
2
4
3
1
5
0
3
3
5
1
1
3
3
0
3
1
6
2
0
2
0
1
1
2
1
1
5
2
0
2
4
3
3
1
0
0
6
0
1
2
0
1
1
3
3
1
1
1
1
0
0
0
0
0
1
2
1
2
1
1
0
0
1
0
1
1
1
1
0
0
0
1
1
1
0
1
0
0
0
0
1
0
1
0
0
0
0
0
0
0
0
0
0
1
2
0
0
0
1
0
0
1
0
0
0
0
1
0
1
0
0
1
0
0
0
0
0
0
0
0
0
0
0
0
0
0
0
0
0
0
0
0
0
0
0
0
0
1
1
0
0
0
0
1
0
0
0
0
0
0
0
0
0
0
1
0
0
0
0
0
0
0
0
0
0
0
0
0
0
1
0
0
0
0
0
0
0
0
0
0
0
0
0
0
0
0
0
0
0
0
0
0
0
0
0
0
0
0
0
0
0
0
0
0
0
0
0
0
0
0
0
0
0
0
0
0
0
0
0
0
0
0
0
0
0
0
0
0
0
0
0
0
0
0
0
0
0
0
0
0
0
0
0
0
0
0
0
0
0
0
0
0
0
0
0
0
0
0
0
0
0
0
0
0
0
0
0
0
0
0
0
0
0
0
0
0
0
0
0
0
0
0
0
0
0
0
0
0
0
0
0
0
0
0
0
0
0
0
0
0
0
0
0
0
0
0
0
0
0
0
0
0
0
0
0
0
0
0
0
0
0
0
0
0
0
0
0
0
0
0
0
0
0
0
0
0
0
0
0
0
0
0
0
0
0
0
0
0
0
0
0
0
0
0
0
0
0
0
0
0
0
0
0
0
0
0
0
0
0
0
0
0
0
0
0
0
0
0
0
0
0
0
0
0
0
0
0
0
0
0
0
0
0
0
0
0
0
0
0
0
0
0
0
0
0
0
0
0
0
0
0
0
0
0
0
0
0
0
0
0
0
0
0
0
0
0
0
0
0
0
0
0
0
0
0
0
0
0
0
0
0
0
0
0
0
0
0
0
0
0
0
0
0
0
0
0
0
0
0
0
0
0
0
0
0
0
0
0
0
0
0
0
0
0
0
0
0
0
0
0
0
0
0
0
0
0
0
0
0
0
0
0
0
0
0
0
0
0
0
0
0
0
0
0
0
0
0
0
0
0
0
0
0
0
0
0
0
0
0
0
0
0
0
0
0
0
0
0
0
0
0
0
0
0
0
0
0
0
0
0
0
0
0
0
0
0
0
0
0
0
0
0
0
0
0
0
0
0
0
0
0
0
0
0
0
0
0
0
0
0
0
0
0
0
0
0
0
0
0
0
0
0
0
0
0
0
0
0
0
0
0
0
0
0
0
0
0
0
0
0
0
0
0
0
0
0
0
0
0
0
0
0
0
0
0
0
0
0
0
0
0
0
0
0
0
0
0
0
0
0
0
0
0
0
0
0
0
0
0
0
0
0
0
0
0
0
0
0
0
0
0
0
0
0
0
0
0
0
0
0
0
0
0
0
0
0
0
0
0
0
0
0
0
0
0
0
0
0
0
0
0
0
0
0
0
0
0
0
0
0
0
0
0
0
0
0
0
0
0
0
0
0
0
0
0
0
0
0
0
0
0
0
0
0
0
0
0
0
0
0
0
0
0
0
0
0
0
0
0
0
0
0
0
0
0
0
0
0
0
0
0
0
0
0
0
0
0
0
0
0
0
0
0
0
0
0
0
0
0
0
0
0
0
0
0
0
0
0
0
0
0
0
0
0
0
0
0
0
0
0
0
0
0
0
0
0
0
0
0
0
0
0
0
0
0
0
0
0
0
0
0
0
0
0
0
0
0
0
0
0
0
0
0
0
0
0
0
0
0
0
0
0
0
0
0
0
0
0
0
0
0
0
0
0
0
0
0
0
0
0
0
0
0
0
0
0
0
0
0
0
0
0
0
0
0
0
0
0
0
0
0
0
0
0
0
0
0
0
0
0
0
0
0
0
0
0
0
0
0
0
0
0
0
0
0
0
0
0
0
0
0
0
0
0
0
0
0
0
0
0
0
0
0
0
0
0
0
0
0
0
0
0
0
0
0
0
0
0
0
0
0
0
0
0
0
0
0
0
0
0
0
0
0
0
0
0
0
0
0
0
0
0
0
0
0
0
0
0
0
0
0
0
0
0
0
0
0
0
0
0
0
0
0
0
0
0
0
0
0
0
0
0
0
0
0
0
0
0
0
0
0
0
0
0
0
0
0
0
0
0
0
0
0
0
0
0
0
0
0
0
0
0
0
0
0
0
0
0
0
0
0
0
0
0
0
0
0
0
0
0
0
0
0
0
0
0
0
0
0
0
0
0
0
0
0
0
0
0
0
0
0
0
0
0
0
0
0
0
0
0
0
0
0
0
0
0
0
0
0
0
0
0
0
0
0
0
0
0
0
0
0
0
0
0
0
0
0
0
0
0
0
0
0
0
0
0
0
0
0
0
0
0
0
0
0
0
0
0
0
0
0
0
0
0
0
0
0
0
0
0
0
0
0
0
0
0
0
0
0
0
0
0
0
0
0
0
0
0
0
0
0
0
0
0
0
0
0
0
0
0
0
0
0
0
0
0
0
0
0
0
0
0
0
0
0
0
0
0
0
0
0
0
0
0
0
0
0
0
0
0
0
0
0
0
0
0
0
0
0
0
0
0
0
0
0
0
0
0
0
0
0
0
0
0
0
0
0
0
0
0
0
0
0
0
0
0
0
0
0
0
0
0
0
0
0
0
0
0
0
0
0
0
0
0
0
0
0
0
0
0
0
0
0
0
0
0
0
0
0
0
0
0
0
0
0
0
0
0
0
0
0
0
0
0
0
0
0
0
0
0
0
0
0
0
0
0
0
0
0
0
0
0
0
0
0
0
0
0
0
0
0
0
0
0
0
0
0
0
0
0
0
0
0
0
0
0
0
0
0
0
0
0
0
0
0
0
0
0
0
0
0
0
0
0
0
0
0
0
0
0
0
0
0
0
0
0
0
0
0
0
0
0
0
0
0
0
0
0
0
0
0
0
0
0
0
0
0
0
0
0
0
0
0
0
0
0
0
0
0
0
0
0
0
0
0
0
0
0
0
0
0
0
0
0
0
0
0
0
0
0
0
0
0
0
0
0
0
0
0
0
0
0
0
0
0
0
0
0
0
0
0
0
0
0
0
0
0
0
0
0
0
0
0
0
0
0
0
0
0
0
0
0
0
0
0
0
0
0
0
0
0
0
0
0
0
0
0
0
0
0
0
0
0
0
0
0
0
0
0
0
0
0
0
0
0
0
0
0
0
0
0
0
0
0
0
0
0
0
0
0
0
0
0
0
0
0
0
0
0
0
0
0
0
0
0
0
0
0
0
0
0
0
0
0
0
0
0
0
0
0
0
0
0
0
0
0
0
0
0
0
0
0
0
0
0
0
0
0
0
0
0
0
0
0
0
0
0
0
0
0
0
0
0
0
0
0
0
0
0
0
0
0
0
0
0
0
0
0
0
0
0
0
0
0
0
0
0
0
0
0
0
0
0
0
0
0
0
0
0
0
0
0
0
0
0
0
0
0
0
0
0
0
0
0
0
0
0
0
0
0
0
0
0
0
0
0
0
0
0
0
0
0
0
0
0
0
0
0
0
0
0
0
0
0
0
0
0
0
0
0
0
0
0
0
0
0
0
0
0
0
0
0
0
0
0
0
0
0
0
0
0
0
0
0
0
0
0
0
0
0
0
0
0
0
0
0
0
0
0
0
0
0
0
0
0
0
0
0
0
0
0
0
0
0
0
0
0
0
0
0
0
0
0
0
0
0
0
0
0
0
0
0
0
0
0
0
0
0
0
0
0
0
0
0
0
0
0
0
0
0
0
0
0
0
0
0
0
0
0
0
0
0
0
0
0
0
0
0
0
0
0
0
0
0
0
0
0
0
0
0
0
0
0
0
0
0
0
0
0
0
0
0
0
0
0
0
0
0
0
0
0
0
0
0
0
0
0
0
0
0
0
0
0
0
0
0
0
0
0
0
0
0
0
0
0
0
0
0
0
0
0
0
0
0
0
0
0
0
0
0
0
0
0
0
0
0
0
0
0
0
0
0
0
0
0
0
0
0
0
0
0
0
0
0
0
0
0
0
0
0
0
0
0
0
0
0
0
0
0
0
0
0
0
0
0
0
0
0
0
0
0
0
0
0
0
0
0
0
0
0
0
0
0
0
0
0
0
0
0
0
0
0
0
0
0
0
0
0
0
0
0
0
0
0
0
0
0
0
0
0
0
0
0
0
0
0
0
0
0
0
0
0
0
0
0
0
0
0
0
0
0
0
0
0
0
0
0
0
0
0
0
0
0
0
0
0
0
0
0
0
0
0
0
0
0
0
0
0
0
0
0
0
0
0
0
0
0
0
0
0
0
0
0
0
0
0
0
0
0
0
0
0
0
0
0
0
0
0
0
0
0
0
0
0
0
0
0
0
0
0
0
0
0
0
0
0
0
0
0
0
0
0
0
0
0
0
0
0
0
0
0
0
0
0
0
0
0
0
0
0
0
0
0
0
0
0
0
0
0
0
0
0
0
0
0
0
0
0
0
0
0
0
0
0
0
0
0
0
0
0
0
0
0
0
0
0
0
0
0
0
0
0
0
0
0
0
0
0
0
0
0
0
0
0
0
0
0
0
0
0
0
0
0
0
0
0
0
0
0
0
0
0
0
0
0
0
0
0
0
0
0
0
0
0
0
0
0
0
0
0
0
0
0
0
0
0
0
0
0
0
0
0
0
0
0
0
0
0
0
0
0
0
0
0
0
0
0
0
0
0
0
0
0
0
0
0
0
0
0
0
0
0
0
0
0
0
0
0
0
0
0
0
0
0
0
0
0
0
0
0
0
0
0
0
0
0
0
0
0
0
0
0
0
0
0
0
0
0
0
0
0
0
0
0
0
0
0
0
0
0
0
0
0
0
0
0
0
0
0
0
0
0
0
0
0
0
0
0
0
0
0
0
0
0
0
0
0
0
0
0
0
0
0
0
0
0
0
0
0
0
0
0
0
0
0
0
0
0
0
0
0
0
0
0
0
0
0
0
0
0
0
0
0
0
0
0
0
0
0
0
0
0
0
0
0
0
0
0
0
0
0
0
0
0
0
0
0
0
0
0
0
0
0
0
0
0
0
0
0
0
0
0
0
0
0
0
0
0
0
0
0
0
0
0
0
0
0
0
0
0
0
0
0
0
0
0
0
0
0
0
0
0
0
0
0
0
0
0
0
0
0
0
0
0
0
0
0
0
0
0
0
0
0
0
0
0
0
0
0
0
0
0
0
0
0
0
0
0
0
0
0
0
0
0
0
0
0
0
0
0
0
0
0
0
0
0
0
0
0
0
0
0
0
0
0
0
0
0
0
0
0
0
0
0
0
0
0
0
0
0
0
0
0
0
0
0
0
0
0
0
0
0
0
0
0
0
0
0
0
0
0
0
0
0
0
0
0
0
0
0
0
0
0
0
0
0
0
0
0
0
0
0
0
0
0
0
0
0
0
0
0
0
0
0
0
0
0
0
0
0
0
0
0
0
0
0
0
0
0
0
0
0
0
0
0
0
0
0
0
0
0
0
0
0
0
0
0
0
0
0
0
0
0
0
0
0
0
0
0
0
0
0
0
0
0
0
0
0
0
0
0
0
0
0
0
0
0
0
0
0
0
0
0
0
0
0
0
