0
0
0
0
0
0
0
0
0
0
0
0
0
0
0
0
0
0
0
0
0
0
0
0
0
0
0
0
0
0
0
0
0
0
0
0
0
0
0
0
0
0
0
0
0
0
0
0
0
0
0
0
0
0
0
0
0
0
0
0
0
0
0
0
0
0
0
0
0
0
0
0
0
0
0
0
0
0
0
0
0
0
0
0
0
0
0
0
0
0
0
0
0
0
0
0
0
0
0
0
0
0
0
0
0
0
0
0
0
0
0
0
0
0
0
0
0
0
0
0
0
0
0
0
0
0
0
0
0
0
0
0
0
0
0
0
0
0
0
0
0
0
0
0
0
0
0
0
0
0
0
0
0
0
0
0
0
0
0
0
0
0
0
0
0
0
0
0
0
0
0
0
0
0
0
0
0
0
0
0
0
0
0
0
0
0
0
0
0
0
0
0
0
0
0
0
0
0
0
0
0
0
1
1
1
1
1
2
0
0
0
1
0
1
1
1
3
2
4
1
1
1
6
5
3
2
5
2
3
5
0
4
4
0
6
2
3
4
4
2
5
4
3
1
2
6
5
3
3
8
10
10
9
12
8
13
7
4
17
12
10
7
25
18
18
25
11
18
15
16
15
15
18
15
20
23
23
21
27
21
20
19
19
23
16
18
26
17
25
27
23
31
26
34
23
25
35
41
39
30
34
50
53
61
52
57
52
49
60
55
40
64
62
70
62
67
76
64
80
77
72
83
79
63
72
86
78
67
73
65
57
71
73
84
80
58
81
99
97
85
97
86
117
112
110
131
132
148
149
129
156
164
164
146
163
151
209
185
197
199
190
187
220
206
241
205
212
232
211
195
219
204
230
234
190
221
208
210
192
209
233
217
225
216
211
254
245
256
255
276
296
260
301
310
293
324
375
375
378
382
369
379
443
403
429
445
424
441
419
499
400
464
445
420
473
427
464
458
450
421
428
434
455
469
440
444
431
435
471
442
467
478
489
464
525
545
533
564
635
603
611
630
643
683
656
760
688
725
728
776
787
747
774
784
842
859
778
851
874
825
836
816
775
830
766
815
798
720
779
738
785
776
846
780
741
781
757
833
770
854
853
832
873
870
916
945
940
963
1031
1053
1098
1147
1188
1169
1175
1175
1181
1179
1231
1235
1212
1162
1228
1254
1188
1295
1267
1197
1255
1212
1192
1210
1204
1208
1127
1206
1179
1208
1190
1189
1164
1147
1164
1175
1195
1254
1212
1356
1227
1276
1327
1362
1368
1377
1410
1387
1465
1547
1562
1584
1563
1667
1586
1575
1675
1694
1700
1688
1750
1698
1731
1624
1721
1605
1646
1661
1582
1611
1522
1608
1566
1529
1523
1537
1463
1510
1529
1530
1492
1614
1634
1586
1539
1621
1641
1542
1625
1689
1744
1754
1753
1835
1853
1896
1888
1949
1956
1996
1919
1968
2009
1972
2012
2107
2097
2096
1978
2038
2114
2041
1980
1981
1946
1998
1957
1916
1869
1943
1840
1878
1783
1866
1772
1764
1870
1845
1741
1805
1863
1803
1886
1863
1967
2049
1969
1963
2052
1968
2162
2174
2100
2097
2149
2165
2202
2155
2210
2246
2225
2227
2240
2224
2218
2209
2158
2199
2156
2216
2177
2135
2088
2076
2010
2042
2047
1975
2027
2025
1902
1910
1983
1929
1937
1967
2029
1977
1942
1999
2016
2098
2075
2050
2056
2162
2115
2181
2157
2145
2168
2198
2190
2281
2292
2150
2311
2164
2215
2228
2188
2214
2209
2262
2089
2150
2101
2121
2091
1990
2064
2055
1985
1984
1937
1918
1915
2019
1910
1935
1938
1939
1966
1939
1930
2047
1976
2004
1946
1987
1960
2005
1995
2132
2092
2021
2112
2047
2135
2188
2088
2048
2149
2144
2111
2078
1995
1989
2016
1937
2058
2006
1919
1987
1994
1912
1955
1870
1849
1845
1884
1796
1832
1765
1809
1831
1766
1766
1819
1717
1747
1707
1688
1778
1742
1793
1796
1782
1831
1811
1767
1759
1789
1881
1886
1892
1877
1820
1889
1961
1815
1841
1785
1761
1757
1715
1825
1763
1748
1691
1696
1640
1666
1641
1565
1611
1613
1640
1545
1523
1535
1494
1514
1504
1623
1496
1553
1590
1477
1588
1489
1524
1564
1568
1558
1509
1518
1546
1587
1525
1546
1573
1572
1551
1518
1508
1573
1464
1431
1459
1441
1471
1431
1391
1441
1425
1298
1452
1338
1349
1291
1359
1244
1271
1255
1280
1253
1243
1213
1233
1245
1172
1175
1183
1205
1207
1173
1228
1144
1279
1224
1242
1237
1208
1186
1171
1265
1195
1154
1175
1169
1186
1187
1199
1144
1212
1181
1139
1167
1084
1106
1100
1070
1082
1004
1059
992
971
1015
1021
1004
980
951
923
980
992
951
863
963
965
903
900
918
954
939
918
903
870
945
904
898
927
862
925
918
900
864
825
848
839
879
900
872
793
829
834
795
804
739
728
762
829
781
738
752
736
698
727
741
684
763
661
654
671
709
638
673
651
676
690
684
690
674
650
664
596
627
637
623
631
698
615
628
652
612
625
652
599
604
567
602
571
544
530
533
587
571
548
519
548
533
488
486
489
544
488
461
494
487
458
469
445
463
487
428
516
451
450
483
459
459
425
416
437
443
437
417
444
443
431
429
394
416
400
408
382
386
371
373
404
366
341
379
347
355
331
358
360
345
333
331
368
318
322
304
323
319
305
324
298
287
298
304
330
286
287
310
261
302
266
276
285
293
268
308
279
238
248
274
249
269
253
262
228
255
252
247
234
233
219
248
238
221
209
225
228
220
206
213
223
214
199
198
180
193
191
208
200
182
218
208
171
187
193
166
186
172
189
171
180
156
173
158
174
159
145
175
174
159
137
137
166
157
148
149
131
165
149
142
114
128
140
124
125
132
152
161
127
128
123
119
130
126
131
104
112
105
105
118
126
117
104
98
94
110
107
101
132
96
94
107
106
105
106
92
98
95
77
97
87
95
84
104
84
92
69
79
76
80
82
89
84
78
78
77
70
67
83
63
63
69
67
63
55
66
58
67
73
56
61
73
58
70
54
49
45
52
69
65
47
52
45
43
58
57
39
58
41
53
45
47
50
46
47
37
40
39
36
32
31
34
27
31
43
46
38
34
40
44
39
33
26
28
28
29
26
25
35
40
31
31
23
30
23
31
32
28
35
15
24
23
31
28
31
15
15
23
17
30
17
17
16
24
21
19
18
16
18
21
13
11
13
9
17
10
20
17
11
10
11
12
12
20
11
13
10
11
17
10
9
15
15
11
10
16
8
11
13
16
5
12
14
11
8
11
8
9
6
7
6
16
8
5
8
9
10
7
5
3
7
6
7
2
3
9
4
5
8
4
2
2
4
4
3
4
8
5
3
5
5
3
2
6
3
3
2
3
5
2
5
3
3
0
6
3
6
6
4
3
1
3
2
3
1
3
2
3
0
3
3
2
1
0
1
5
2
1
2
3
0
2
0
2
0
1
2
1
1
0
1
0
1
2
3
3
0
1
1
0
1
0
0
1
2
0
1
0
3
0
0
0
0
1
0
0
0
2
1
0
1
0
0
2
0
0
3
0
0
0
0
0
0
1
0
0
0
0
1
0
1
1
0
0
1
0
0
1
0
0
0
0
0
0
0
1
0
1
0
0
0
0
0
0
0
0
1
0
0
0
0
0
0
0
0
0
0
0
0
0
0
0
0
0
0
0
0
0
0
0
0
0
0
0
0
0
0
0
0
0
0
0
0
0
0
0
1
0
0
0
0
1
0
0
0
0
0
0
0
0
0
0
0
0
0
0
0
0
0
0
0
0
0
0
0
0
0
0
0
0
0
0
0
0
0
0
0
0
1
0
0
0
0
0
0
0
0
0
0
0
0
0
0
0
0
0
0
0
0
0
0
0
0
0
0
0
0
0
0
0
0
0
0
0
0
0
0
0
0
0
0
0
0
0
0
0
0
0
0
0
1
0
0
1
0
0
0
0
0
0
0
0
0
0
0
0
0
0
0
0
0
0
0
0
0
0
0
0
0
0
0
0
0
0
0
0
0
0
0
0
0
0
0
0
0
0
0
0
0
0
0
0
0
0
0
0
0
0
0
0
0
0
0
0
0
0
0
0
0
0
0
0
0
0
0
0
0
0
0
0
0
0
0
0
0
0
0
0
0
0
0
0
0
0
0
0
0
0
0
0
0
0
0
0
0
0
0
0
0
0
0
0
0
0
0
0
0
0
0
0
0
0
0
0
0
0
0
0
0
0
0
0
0
0
0
0
0
0
0
0
0
0
0
0
0
0
0
0
0
0
0
0
0
0
0
0
0
0
0
0
0
0
0
0
0
0
0
0
0
0
0
0
0
0
0
0
0
0
0
0
0
0
0
0
0
0
0
0
0
0
0
0
0
0
0
0
0
0
0
0
0
0
0
0
0
0
0
0
0
0
0
0
0
0
0
0
0
0
0
0
0
0
0
0
0
0
0
0
0
0
0
0
0
0
0
0
0
0
0
0
0
0
0
0
0
0
0
0
0
0
0
0
0
0
0
0
0
0
0
0
0
0
0
0
0
0
0
0
0
0
0
0
0
0
0
0
0
0
0
0
0
0
0
0
0
0
0
0
0
0
0
0
0
0
0
0
0
0
0
0
0
0
0
0
0
0
0
0
0
0
0
0
0
0
0
0
0
0
0
0
0
0
0
0
0
0
0
0
0
0
0
0
0
0
0
0
0
0
0
0
0
0
0
0
0
0
0
0
0
0
0
0
0
0
0
0
0
0
0
0
0
0
0
0
0
0
0
0
0
0
0
0
0
0
0
0
0
0
0
0
0
0
0
0
0
0
0
0
0
0
0
0
0
0
0
0
0
0
0
0
0
0
0
0
0
0
0
0
0
0
0
0
0
0
0
0
0
0
0
0
0
0
0
0
0
0
0
0
0
0
0
0
0
0
0
0
0
0
0
0
0
0
0
0
0
0
0
0
0
0
0
0
0
0
0
0
0
0
0
0
0
0
0
0
0
0
0
0
0
0
0
0
0
0
0
0
0
0
0
0
0
0
0
0
0
0
0
0
0
0
0
0
0
0
0
0
0
0
0
0
0
0
0
0
0
0
0
0
0
0
0
0
0
0
0
0
0
0
0
0
0
0
0
0
0
0
0
0
0
0
0
0
0
0
0
0
0
0
0
0
0
0
0
0
0
0
0
0
0
0
0
0
0
0
0
0
0
0
0
0
0
0
0
0
0
0
0
0
0
0
0
0
0
0
0
0
0
0
0
0
0
0
0
0
0
0
0
0
0
0
0
0
0
0
0
0
0
0
0
0
0
0
0
0
0
0
0
0
0
0
0
0
0
0
0
0
0
0
0
0
0
0
0
0
0
0
0
0
0
0
0
0
0
0
0
0
0
0
0
0
0
0
0
0
0
0
0
0
0
0
0
0
0
0
0
0
0
0
0
0
0
0
0
0
0
0
0
0
0
0
0
0
0
0
0
0
0
0
0
0
0
0
0
0
0
0
0
0
0
0
0
0
0
0
0
0
0
0
0
0
0
0
0
0
0
0
0
0
0
0
0
0
0
0
0
0
0
0
0
0
0
0
0
0
0
0
0
0
0
0
0
0
0
0
0
0
0
0
0
0
0
0
0
0
0
0
0
0
0
0
0
0
0
0
0
0
0
0
0
0
0
0
0
0
0
0
0
0
0
0
0
0
0
0
0
0
0
0
0
0
0
0
0
0
0
0
0
0
0
0
0
0
0
0
0
0
0
0
0
0
0
0
0
0
0
0
0
0
0
0
0
0
0
0
0
0
0
0
0
0
0
0
0
0
0
0
0
0
0
0
0
0
0
0
0
0
0
0
0
0
0
0
0
0
0
0
0
0
0
0
0
0
0
0
0
0
0
0
0
0
0
0
0
0
0
0
0
0
0
0
0
0
0
0
0
0
0
0
0
0
0
0
0
0
0
0
0
0
0
0
0
0
0
0
0
0
0
0
0
0
0
0
0
0
0
0
0
0
0
0
0
0
0
0
0
0
0
0
0
0
0
0
0
0
0
0
0
0
0
0
0
0
0
0
0
0
0
0
0
0
0
0
0
0
0
0
0
0
0
0
0
0
0
0
0
0
0
0
0
0
0
0
0
0
0
0
0
0
0
0
0
0
0
0
0
0
0
0
0
0
0
0
0
0
0
0
0
0
0
0
0
0
0
0
0
0
0
0
0
0
0
0
0
0
0
0
0
0
0
0
0
0
0
0
0
0
0
0
0
0
0
0
0
0
0
0
0
0
0
0
0
0
0
0
0
0
0
0
0
0
0
0
0
0
0
0
0
0
0
0
0
0
0
0
0
0
0
0
0
0
0
0
0
0
0
0
0
0
0
0
0
0
0
0
0
0
0
0
0
0
0
0
0
0
0
0
0
0
0
0
0
0
0
0
0
0
0
0
0
0
0
0
0
0
0
0
0
0
0
0
0
0
0
0
0
0
0
0
0
0
0
0
0
0
0
0
0
0
0
0
0
0
0
0
0
0
0
0
0
0
0
0
0
0
0
0
0
0
0
0
0
0
0
0
0
0
0
0
0
0
0
0
0
0
0
0
0
0
0
0
0
0
0
0
0
0
0
0
0
0
0
0
0
0
0
0
0
0
0
0
0
0
0
0
0
0
0
0
0
0
0
0
0
0
0
0
0
0
0
0
0
0
0
0
0
0
0
0
0
0
0
0
0
0
0
0
0
0
0
0
0
0
0
0
0
0
0
0
0
0
0
0
0
0
0
0
0
0
0
0
0
0
0
0
0
0
0
0
0
0
0
0
0
0
0
0
0
0
0
0
0
0
0
0
0
0
0
0
0
0
0
0
0
0
0
0
0
0
0
0
0
0
0
0
0
0
0
0
0
0
0
0
0
0
0
0
0
0
0
0
0
0
0
0
0
0
0
0
0
0
0
0
0
0
0
0
0
0
0
0
0
0
0
0
0
0
0
0
0
0
0
0
0
0
0
0
0
0
0
0
0
0
0
0
0
0
0
0
0
0
0
0
0
0
0
0
0
0
0
0
0
0
0
0
0
0
0
0
0
0
0
0
0
0
0
0
0
0
0
0
0
0
0
0
0
0
0
0
0
0
0
0
0
0
0
0
0
0
0
0
0
0
0
0
0
0
0
0
0
0
0
0
0
0
0
0
0
0
0
0
0
0
0
0
0
0
0
0
0
0
0
0
0
0
0
0
0
0
0
0
0
0
0
0
0
0
0
0
0
0
0
0
0
0
0
0
0
0
0
0
0
0
0
0
0
0
0
0
0
0
0
0
0
0
0
0
0
0
0
0
0
0
0
0
0
0
0
0
0
0
0
0
0
0
0
0
0
0
0
0
0
0
0
0
0
0
0
0
0
0
0
0
0
0
0
0
0
0
0
0
0
0
0
0
0
0
0
0
0
0
0
0
0
0
0
0
0
0
0
0
0
0
0
0
0
0
0
0
0
0
0
0
0
0
0
0
0
0
0
0
0
0
0
0
0
0
0
0
0
0
0
0
0
0
0
0
0
0
0
0
0
0
0
0
0
0
0
0
0
0
0
0
0
0
0
0
0
0
0
0
0
0
0
0
0
0
0
0
0
0
0
0
0
0
0
0
0
0
0
0
0
0
0
0
0
0
0
0
0
0
0
0
0
0
0
0
0
0
0
0
0
0
0
0
0
0
0
0
0
0
0
0
0
0
0
0
0
0
0
0
0
0
0
0
0
0
0
0
0
0
0
0
0
0
0
0
0
0
0
0
0
0
0
0
0
0
0
0
0
0
0
0
0
0
0
0
0
0
0
0
0
0
0
0
0
0
0
0
0
0
0
0
0
0
0
0
0
0
0
0
0
0
0
0
0
0
0
0
0
0
0
0
0
0
0
0
0
0
0
0
0
0
0
0
0
0
0
0
0
0
0
0
0
0
0
0
0
0
0
0
0
0
0
0
0
0
0
0
0
0
0
0
0
0
0
0
0
0
0
0
0
0
0
0
0
0
0
0
0
0
0
0
0
0
0
0
0
0
0
0
0
0
0
0
0
0
0
0
0
0
0
0
0
0
0
0
0
0
0
0
0
0
0
0
0
0
0
0
0
0
0
0
0
0
0
0
0
0
0
0
0
0
0
0
0
0
0
0
0
0
0
0
0
0
0
0
0
0
0
0
0
0
0
0
0
0
0
0
0
0
0
0
0
0
0
0
0
0
0
0
0
0
0
0
0
0
0
0
0
0
0
0
0
0
0
0
0
0
0
0
0
0
0
0
0
0
0
0
0
0
0
0
0
0
0
0
0
0
0
0
0
0
0
0
0
0
0
0
0
0
0
0
0
0
0
0
0
0
0
0
0
0
0
0
0
0
0
0
0
0
0
0
0
0
0
0
0
0
0
0
0
0
0
0
0
0
0
0
0
0
0
0
0
0
0
0
0
0
0
0
0
0
0
0
0
0
0
0
0
0
0
0
0
0
0
0
0
0
0
0
0
0
0
0
0
0
0
0
0
0
0
0
0
0
0
0
0
0
0
0
0
0
0
0
0
0
0
0
0
0
0
0
0
0
0
0
0
0
0
0
0
0
0
0
0
0
0
0
0
0
0
0
0
0
0
0
0
0
0
0
0
0
0
0
0
0
0
0
0
0
0
0
0
0
0
0
0
0
0
0
0
0
0
0
0
0
0
0
0
0
0
0
0
0
0
0
0
0
0
0
0
0
0
0
0
0
0
0
0
0
0
0
0
0
0
0
0
0
0
0
0
0
0
0
0
0
0
0
0
0
0
0
0
0
0
0
0
0
0
0
0
0
0
0
0
0
0
0
0
0
0
0
0
0
0
0
0
0
0
0
0
0
0
0
0
0
0
0
0
0
0
0
0
0
0
0
0
0
0
0
0
0
0
0
0
0
0
0
0
0
0
0
0
0
0
0
0
0
0
0
0
0
0
0
0
0
0
0
0
0
0
0
0
0
0
0
0
0
0
0
0
0
0
0
0
0
0
0
0
0
0
0
0
0
0
0
0
0
0
0
0
0
0
0
0
0
0
0
0
0
0
0
0
0
0
0
0
0
0
0
0
0
0
0
0
0
0
0
0
0
0
0
0
0
0
0
0
0
0
0
0
0
0
0
0
0
0
0
0
0
0
0
0
0
0
0
0
0
0
0
0
0
0
0
0
0
0
0
0
0
0
0
0
0
0
0
0
0
0
0
0
0
0
0
0
0
0
0
0
0
0
0
0
0
0
0
0
0
0
0
0
0
0
0
0
0
0
0
0
0
0
0
0
0
0
0
0
0
0
0
0
0
0
0
0
0
0
0
0
0
0
0
0
0
0
0
0
0
0
0
0
0
0
0
0
0
0
0
0
0
0
0
0
0
0
0
0
0
0
0
0
0
0
0
0
0
0
0
0
0
0
0
0
0
0
0
0
0
0
0
0
0
0
0
0
0
0
0
0
0
0
0
0
0
0
0
0
0
0
0
0
0
0
0
0
0
0
0
0
0
0
0
0
0
0
0
0
0
0
0
0
0
0
0
0
0
0
0
0
0
0
0
0
0
0
0
0
0
0
0
0
0
0
0
0
0
0
0
