0
0
0
0
0
0
0
0
0
0
0
0
0
0
0
0
0
0
0
0
0
0
0
0
0
0
0
0
0
0
0
0
0
0
0
0
0
0
0
0
0
0
0
0
0
0
0
0
0
0
0
0
0
0
0
0
0
0
0
0
0
0
0
0
0
0
0
0
0
0
0
0
0
0
0
0
0
0
0
0
0
0
0
0
0
0
0
0
0
0
0
0
0
0
0
0
0
0
0
0
0
0
0
0
0
0
0
0
0
0
0
0
0
0
0
0
0
0
0
0
0
0
0
0
0
0
0
0
0
0
0
0
0
0
0
0
0
0
0
0
0
0
0
0
0
0
0
0
0
0
0
0
0
0
0
0
0
0
0
0
0
0
0
0
0
0
0
0
0
0
0
0
0
0
0
0
1
0
0
0
0
0
0
0
0
0
0
0
0
0
0
0
0
0
0
0
0
1
0
0
0
0
0
0
1
2
1
2
1
1
2
0
0
0
0
2
3
2
1
3
3
3
5
2
2
3
2
2
2
4
6
12
5
3
8
9
3
6
3
7
4
7
7
5
2
3
4
9
5
5
12
13
10
11
14
14
11
16
29
29
20
20
23
25
24
40
20
31
23
31
31
34
35
45
36
34
38
40
38
39
32
24
44
37
30
31
48
28
33
42
38
32
44
39
50
46
52
58
62
73
80
77
93
67
92
89
115
93
118
128
112
121
140
115
140
125
120
132
113
130
132
139
150
142
126
155
134
132
117
124
138
113
143
146
129
134
158
183
167
194
152
188
214
226
241
241
287
254
278
267
291
325
320
324
332
359
395
320
344
340
388
360
354
390
364
347
340
337
344
323
324
327
307
284
349
369
373
363
357
359
367
421
406
408
498
501
486
480
497
597
581
609
659
617
657
686
688
698
718
674
740
685
739
760
731
755
745
767
734
716
689
731
651
686
699
665
656
647
688
713
683
649
715
781
763
749
801
857
802
853
901
974
974
1002
1029
1061
1158
1122
1179
1206
1111
1182
1269
1252
1239
1224
1240
1336
1255
1246
1277
1201
1216
1146
1184
1167
1198
1118
1118
1145
1072
1033
1074
1142
1150
1167
1135
1181
1251
1259
1317
1328
1284
1439
1449
1447
1489
1638
1515
1662
1720
1714
1791
1678
1787
1747
1753
1751
1874
1823
1774
1798
1730
1703
1715
1724
1626
1656
1705
1566
1596
1612
1548
1521
1548
1528
1501
1532
1602
1608
1703
1652
1665
1754
1822
1814
1803
1885
1977
1937
2020
2072
2195
2187
2116
2220
2238
2313
2237
2289
2281
2160
2180
2263
2146
2196
2231
2176
2215
2149
2046
1983
2017
2060
1973
1906
1979
1965
1949
1888
2036
2020
1878
2020
1936
2027
2121
2090
2177
2176
2250
2260
2317
2436
2431
2376
2421
2435
2532
2507
2474
2567
2578
2563
2555
2599
2513
2531
2545
2356
2451
2456
2395
2356
2239
2233
2344
2225
2261
2151
2084
2148
2094
2163
2096
2166
2163
2221
2261
2281
2312
2250
2250
2359
2377
2392
2473
2425
2430
2488
2473
2553
2681
2654
2622
2628
2527
2559
2493
2487
2568
2541
2479
2514
2507
2377
2373
2397
2366
2281
2313
2214
2203
2280
2141
2088
2200
2186
2186
2231
2147
2174
2212
2152
2300
2273
2274
2261
2357
2353
2248
2422
2433
2462
2453
2426
2360
2431
2346
2452
2413
2372
2437
2353
2364
2262
2326
2253
2289
2353
2215
2169
2107
2182
2086
2061
1996
2058
1939
1888
2034
2034
2002
1998
2014
2011
1990
2024
2037
2097
2063
2123
2143
2074
2057
2086
2100
2144
2149
2180
2137
2113
2078
2106
2078
2055
2025
2050
2010
1995
1993
1942
2025
1878
1891
1853
1857
1788
1862
1671
1762
1692
1717
1717
1756
1757
1703
1748
1671
1760
1688
1705
1667
1715
1679
1741
1730
1795
1699
1771
1735
1721
1723
1730
1704
1724
1786
1755
1667
1734
1649
1688
1576
1544
1581
1526
1512
1504
1577
1451
1447
1453
1507
1359
1423
1390
1380
1376
1360
1336
1370
1351
1324
1269
1343
1328
1313
1364
1403
1427
1343
1390
1373
1356
1393
1412
1402
1329
1294
1381
1349
1217
1251
1285
1245
1226
1227
1238
1139
1106
1149
1123
1145
1093
1140
1121
1078
1046
1122
1039
1033
979
1029
1032
1059
1007
1009
1000
1092
942
969
1052
1010
986
1044
1003
989
963
1003
1057
988
965
956
929
971
887
912
913
873
918
855
867
825
844
831
834
792
771
806
772
786
776
685
759
712
680
713
716
692
754
741
786
699
716
755
660
647
674
702
673
695
671
651
701
652
646
695
618
639
648
620
628
597
580
562
623
569
582
597
516
560
552
518
515
526
534
433
502
479
454
480
472
485
537
496
455
455
478
461
451
493
434
495
461
443
427
480
411
430
431
407
381
406
406
404
381
374
392
365
387
363
365
330
359
353
356
343
296
331
343
325
294
343
296
321
325
310
274
310
302
260
289
281
288
293
292
282
288
263
278
257
247
270
248
258
247
251
236
225
260
230
202
226
216
202
228
206
200
212
194
164
205
185
210
214
205
217
193
155
212
184
194
196
179
182
185
182
176
174
159
165
169
142
171
171
166
178
184
146
175
146
144
151
138
135
143
138
151
107
120
131
130
111
137
130
114
125
119
118
115
108
105
107
110
94
105
104
129
95
101
99
95
117
106
104
95
81
84
98
98
75
87
79
81
83
75
81
79
61
67
79
85
85
77
77
77
77
74
70
58
49
69
70
65
66
79
56
55
58
50
50
65
65
54
60
55
49
59
57
50
47
68
55
44
48
49
50
42
40
32
53
45
51
37
41
42
47
51
33
33
45
25
25
28
43
40
36
35
35
30
34
32
33
33
30
29
20
34
27
23
17
31
28
34
25
22
28
41
31
28
23
30
22
26
32
22
19
27
17
25
16
22
23
18
25
14
15
19
23
22
15
15
29
15
17
13
9
16
17
12
23
18
20
15
20
14
8
13
18
18
15
15
8
11
8
17
10
6
13
13
10
12
8
10
18
12
13
4
14
7
5
11
9
11
8
13
7
11
13
8
8
7
5
9
11
10
7
10
5
6
1
4
4
8
4
7
6
1
10
5
5
5
5
5
6
0
7
7
5
3
6
3
3
3
6
2
2
3
3
2
1
1
1
4
1
3
5
3
2
6
5
3
0
2
2
2
6
3
4
0
5
0
1
1
3
3
2
1
2
2
1
2
0
1
2
2
0
4
1
4
1
7
1
1
0
2
1
0
3
1
1
0
1
0
1
2
0
2
2
0
1
2
1
0
1
0
3
0
1
0
0
0
2
0
0
0
1
2
0
0
1
0
0
0
0
1
0
0
0
0
0
1
1
0
0
0
0
0
0
0
0
0
0
1
2
0
0
1
0
1
1
0
1
0
0
0
0
0
0
0
0
0
1
0
0
0
0
0
0
0
0
0
0
0
0
0
0
1
0
0
0
0
0
0
0
0
0
0
0
0
0
0
0
0
0
0
0
0
0
0
0
0
0
0
0
0
0
0
0
0
0
0
0
0
0
0
0
0
0
0
0
0
0
0
0
0
0
0
0
0
0
0
0
0
0
0
0
0
0
0
0
0
0
0
0
0
0
1
0
0
0
0
0
0
0
0
0
0
0
0
0
0
0
0
0
0
0
0
0
0
0
0
0
0
0
0
0
0
0
0
0
0
0
0
0
0
0
0
0
0
0
0
0
0
0
0
0
0
0
0
0
0
0
0
0
0
0
0
0
0
0
0
0
0
0
0
0
0
0
0
0
0
0
0
0
0
0
0
0
0
0
0
0
0
0
0
0
0
0
0
0
0
0
0
0
0
0
0
0
0
0
0
0
0
0
0
0
0
0
0
0
0
0
0
0
0
0
0
0
0
0
0
0
0
0
0
0
0
0
0
0
0
0
0
0
0
0
0
0
0
0
0
0
0
0
0
0
0
0
0
0
0
0
0
0
0
0
0
0
0
0
0
0
0
0
0
0
0
0
0
0
0
0
0
0
0
0
0
0
0
0
0
0
0
0
0
0
0
0
0
0
0
0
0
0
0
0
0
0
0
0
0
0
0
0
0
0
0
0
0
0
0
0
0
0
0
0
0
0
0
0
0
0
0
0
0
0
0
0
0
0
0
0
0
0
0
0
0
0
0
0
0
0
0
0
0
0
0
0
0
0
0
0
0
0
0
0
0
0
0
0
0
0
0
0
0
0
0
0
0
0
0
0
0
0
0
0
0
0
0
0
0
0
0
0
0
0
0
0
0
0
0
0
0
0
0
0
0
0
0
0
0
0
0
0
0
0
0
0
0
0
0
0
0
0
0
0
0
0
0
0
0
0
0
0
0
0
0
0
0
0
0
0
0
0
0
0
0
0
0
0
0
0
0
0
0
0
0
0
0
0
0
0
0
0
0
0
0
0
0
0
0
0
0
0
0
0
0
0
0
0
0
0
0
0
0
0
0
0
0
0
0
0
0
0
0
0
0
0
0
0
0
0
0
0
0
0
0
0
0
0
0
0
0
0
0
0
0
0
0
0
0
0
0
0
0
0
0
0
0
0
0
0
0
0
0
0
0
0
0
0
0
0
0
0
0
0
0
0
0
0
0
0
0
0
0
0
0
0
0
0
0
0
0
0
0
0
0
0
0
0
0
0
0
0
0
0
0
0
0
0
0
0
0
0
0
0
0
0
0
0
0
0
0
0
0
0
0
0
0
0
0
0
0
0
0
0
0
0
0
0
0
0
0
0
0
0
0
0
0
0
0
0
0
0
0
0
0
0
0
0
0
0
0
0
0
0
0
0
0
0
0
0
0
0
0
0
0
0
0
0
0
0
0
0
0
0
0
0
0
0
0
0
0
0
0
0
0
0
0
0
0
0
0
0
0
0
0
0
0
0
0
0
0
0
0
0
0
0
0
0
0
0
0
0
0
0
0
0
0
0
0
0
0
0
0
0
0
0
0
0
0
0
0
0
0
0
0
0
0
0
0
0
0
0
0
0
0
0
0
0
0
0
0
0
0
0
0
0
0
0
0
0
0
0
0
0
0
0
0
0
0
0
0
0
0
0
0
0
0
0
0
0
0
0
0
0
0
0
0
0
0
0
0
0
0
0
0
0
0
0
0
0
0
0
0
0
0
0
0
0
0
0
0
0
0
0
0
0
0
0
0
0
0
0
0
0
0
0
0
0
0
0
0
0
0
0
0
0
0
0
0
0
0
0
0
0
0
0
0
0
0
0
0
0
0
0
0
0
0
0
0
0
0
0
0
0
0
0
0
0
0
0
0
0
0
0
0
0
0
0
0
0
0
0
0
0
0
0
0
0
0
0
0
0
0
0
0
0
0
0
0
0
0
0
0
0
0
0
0
0
0
0
0
0
0
0
0
0
0
0
0
0
0
0
0
0
0
0
0
0
0
0
0
0
0
0
0
0
0
0
0
0
0
0
0
0
0
0
0
0
0
0
0
0
0
0
0
0
0
0
0
0
0
0
0
0
0
0
0
0
0
0
0
0
0
0
0
0
0
0
0
0
0
0
0
0
0
0
0
0
0
0
0
0
0
0
0
0
0
0
0
0
0
0
0
0
0
0
0
0
0
0
0
0
0
0
0
0
0
0
0
0
0
0
0
0
0
0
0
0
0
0
0
0
0
0
0
0
0
0
0
0
0
0
0
0
0
0
0
0
0
0
0
0
0
0
0
0
0
0
0
0
0
0
0
0
0
0
0
0
0
0
0
0
0
0
0
0
0
0
0
0
0
0
0
0
0
0
0
0
0
0
0
0
0
0
0
0
0
0
0
0
0
0
0
0
0
0
0
0
0
0
0
0
0
0
0
0
0
0
0
0
0
0
0
0
0
0
0
0
0
0
0
0
0
0
0
0
0
0
0
0
0
0
0
0
0
0
0
0
0
0
0
0
0
0
0
0
0
0
0
0
0
0
0
0
0
0
0
0
0
0
0
0
0
0
0
0
0
0
0
0
0
0
0
0
0
0
0
0
0
0
0
0
0
0
0
0
0
0
0
0
0
0
0
0
0
0
0
0
0
0
0
0
0
0
0
0
0
0
0
0
0
0
0
0
0
0
0
0
0
0
0
0
0
0
0
0
0
0
0
0
0
0
0
0
0
0
0
0
0
0
0
0
0
0
0
0
0
0
0
0
0
0
0
0
0
0
0
0
0
0
0
0
0
0
0
0
0
0
0
0
0
0
0
0
0
0
0
0
0
0
0
0
0
0
0
0
0
0
0
0
0
0
0
0
0
0
0
0
0
0
0
0
0
0
0
0
0
0
0
0
0
0
0
0
0
0
0
0
0
0
0
0
0
0
0
0
0
0
0
0
0
0
0
0
0
0
0
0
0
0
0
0
0
0
0
0
0
0
0
0
0
0
0
0
0
0
0
0
0
0
0
0
0
0
0
0
0
0
0
0
0
0
0
0
0
0
0
0
0
0
0
0
0
0
0
0
0
0
0
0
0
0
0
0
0
0
0
0
0
0
0
0
0
0
0
0
0
0
0
0
0
0
0
0
0
0
0
0
0
0
0
0
0
0
0
0
0
0
0
0
0
0
0
0
0
0
0
0
0
0
0
0
0
0
0
0
0
0
0
0
0
0
0
0
0
0
0
0
0
0
0
0
0
0
0
0
0
0
0
0
0
0
0
0
0
0
0
0
0
0
0
0
0
0
0
0
0
0
0
0
0
0
0
0
0
0
0
0
0
0
0
0
0
0
0
0
0
0
0
0
0
0
0
0
0
0
0
0
0
0
0
0
0
0
0
0
0
0
0
0
0
0
0
0
0
0
0
0
0
0
0
0
0
0
0
0
0
0
0
0
0
0
0
0
0
0
0
0
0
0
0
0
0
0
0
0
0
0
0
0
0
0
0
0
0
0
0
0
0
0
0
0
0
0
0
0
0
0
0
0
0
0
0
0
0
0
0
0
0
0
0
0
0
0
0
0
0
0
0
0
0
0
0
0
0
0
0
0
0
0
0
0
0
0
0
0
0
0
0
0
0
0
0
0
0
0
0
0
0
0
0
0
0
0
0
0
0
0
0
0
0
0
0
0
0
0
0
0
0
0
0
0
0
0
0
0
0
0
0
0
0
0
0
0
0
0
0
0
0
0
0
0
0
0
0
0
0
0
0
0
0
0
0
0
0
0
0
0
0
0
0
0
0
0
0
0
0
0
0
0
0
0
0
0
0
0
0
0
0
0
0
0
0
0
0
0
0
0
0
0
0
0
0
0
0
0
0
0
0
0
0
0
0
0
0
0
0
0
0
0
0
0
0
0
0
0
0
0
0
0
0
0
0
0
0
0
0
0
0
0
0
0
0
0
0
0
0
0
0
0
0
0
0
0
0
0
0
0
0
0
0
0
0
0
0
0
0
0
0
0
0
0
0
0
0
0
0
0
0
0
0
0
0
0
0
0
0
0
0
0
0
0
0
0
0
0
0
0
0
0
0
0
0
0
0
0
0
0
0
0
0
0
0
0
0
0
0
0
0
0
0
0
0
0
0
0
0
0
0
0
0
0
0
0
0
0
0
0
0
0
0
0
0
0
0
0
0
0
0
0
0
0
0
0
0
0
0
0
0
0
0
0
0
0
0
0
0
0
0
0
0
0
0
0
0
0
0
0
0
0
0
0
0
0
0
0
0
0
0
0
0
0
0
0
0
0
0
0
0
0
0
0
0
0
0
0
0
0
0
0
0
0
0
0
0
0
0
0
0
0
0
0
0
0
0
0
0
0
0
0
0
0
0
0
0
0
0
0
0
0
0
0
0
0
0
0
0
0
0
0
0
0
0
0
0
0
0
0
0
0
0
0
0
0
0
0
0
0
0
0
0
0
0
0
0
0
0
0
0
0
0
0
0
0
0
0
0
0
0
0
0
0
0
0
0
0
0
0
0
0
0
0
0
0
0
0
0
0
0
0
0
0
0
0
0
0
0
0
0
0
0
0
0
0
0
0
0
0
0
0
0
0
0
0
0
0
0
0
0
0
0
0
0
0
0
0
0
0
0
0
0
0
0
0
0
0
0
0
0
0
0
0
0
0
0
0
0
0
0
0
0
0
0
0
0
0
0
0
0
0
0
0
0
0
0
0
0
0
0
0
0
0
0
0
0
0
0
0
0
0
0
0
0
0
0
0
0
0
0
0
0
0
0
0
0
0
0
0
0
0
0
0
0
0
0
0
0
0
0
0
0
0
0
0
0
0
0
0
0
0
0
0
0
0
0
0
0
0
0
0
0
0
0
0
0
0
0
0
0
0
0
0
0
0
0
0
0
0
0
0
0
0
0
0
0
0
0
0
0
0
0
0
0
0
0
0
0
0
0
0
0
0
0
0
0
0
0
0
0
0
0
0
0
0
0
0
0
0
0
0
0
0
0
0
0
0
0
0
0
0
0
0
0
0
0
0
0
0
0
0
0
0
0
0
0
0
0
0
0
0
0
0
0
0
0
0
0
0
0
0
0
0
0
0
0
0
0
0
0
0
0
0
0
0
0
0
0
0
0
0
0
0
0
0
0
0
0
0
0
0
0
0
0
0
0
0
0
0
0
0
0
0
0
0
0
0
0
0
0
0
0
0
0
0
0
0
0
0
0
0
0
0
0
0
0
0
0
0
0
0
0
0
0
0
0
0
0
0
0
0
0
0
0
0
0
0
0
0
0
0
0
0
0
0
0
0
0
0
0
0
0
0
0
0
0
0
0
0
0
0
0
0
0
0
0
0
0
0
0
0
0
0
0
0
0
0
0
0
0
0
0
0
0
0
0
0
0
0
0
0
0
0
0
0
0
0
0
0
0
0
0
0
0
0
0
0
0
0
0
0
0
0
0
0
0
0
0
0
0
0
0
0
0
0
0
0
0
0
0
0
0
0
0
0
0
0
0
0
0
0
0
0
0
0
0
0
0
0
0
0
0
0
0
0
0
0
0
0
0
0
0
0
0
0
0
0
0
0
0
0
0
0
0
0
0
0
0
0
0
0
0
0
0
0
0
0
0
0
0
0
0
0
0
0
0
0
0
0
0
0
0
0
0
0
0
0
0
0
0
0
0
0
0
0
0
0
0
0
0
0
0
0
0
0
0
0
0
0
0
0
0
0
0
0
0
0
0
0
0
0
0
0
0
0
0
0
0
0
0
0
0
0
0
0
0
0
0
0
0
0
0
0
0
0
0
0
0
0
0
0
0
0
0
0
0
0
0
0
0
0
0
0
0
0
0
0
0
0
0
0
0
0
0
0
0
0
0
0
0
0
0
0
0
0
0
0
0
0
0
0
0
0
0
0
0
0
0
0
0
0
0
0
0
0
0
0
0
0
0
0
0
0
0
0
0
0
0
0
0
0
0
0
0
0
0
0
0
0
0
0
0
0
0
0
0
0
0
0
0
0
0
0
0
0
0
0
0
0
0
0
0
0
0
0
0
0
0
0
0
0
0
0
0
0
0
0
0
0
0
0
0
0
0
0
0
0
0
0
0
0
0
0
0
0
0
0
0
0
0
0
0
0
0
0
0
0
0
0
0
0
0
0
