0
0
0
0
0
0
0
0
0
0
0
0
0
0
0
0
0
0
0
0
0
0
0
0
0
0
0
0
0
0
0
0
0
0
0
0
0
0
0
0
0
0
0
0
0
0
0
0
0
0
0
0
0
0
0
0
0
0
0
0
0
0
0
0
0
0
0
0
0
0
0
0
0
0
0
0
0
0
0
0
0
0
0
0
0
0
0
0
0
0
0
0
0
0
0
0
0
0
0
0
0
0
0
0
0
0
0
0
0
0
0
0
0
0
0
0
0
0
0
0
0
0
0
0
0
0
0
0
0
0
0
1
0
0
0
0
0
0
0
0
1
0
0
0
0
0
0
1
0
0
1
0
3
0
0
0
3
2
1
2
4
3
4
3
1
3
4
6
11
4
7
9
9
9
12
11
16
10
9
18
21
28
31
27
17
40
32
38
39
40
44
61
42
64
50
58
60
79
74
71
69
94
82
93
98
102
112
113
131
124
119
126
133
135
109
129
142
165
145
146
156
168
160
168
172
177
190
187
208
190
156
185
186
180
210
222
204
237
205
219
251
253
277
270
266
282
305
316
329
334
345
379
384
408
416
438
461
513
493
515
575
544
520
537
562
551
549
588
562
605
614
627
596
591
592
616
615
611
583
628
640
612
586
631
670
660
636
657
741
667
639
751
692
754
745
752
822
804
809
850
846
938
880
964
1026
998
1061
1160
1144
1122
1194
1159
1217
1225
1207
1229
1236
1231
1255
1199
1327
1303
1366
1305
1276
1298
1346
1334
1251
1306
1262
1300
1221
1307
1279
1304
1186
1275
1246
1303
1272
1304
1322
1351
1335
1414
1369
1408
1431
1508
1431
1526
1541
1558
1677
1667
1707
1762
1790
1815
1834
1821
1923
1920
1942
1984
2037
1985
2088
1982
2015
2053
2035
2103
2052
2032
1969
2072
1981
1965
2021
1983
1972
1952
1991
1973
1937
1908
1873
1853
1799
1887
1848
1905
1899
1866
1925
1935
1942
2002
2022
2036
2095
2077
2215
2121
2138
2194
2289
2274
2416
2261
2431
2455
2500
2466
2395
2487
2494
2579
2499
2579
2617
2606
2540
2465
2549
2491
2415
2473
2539
2423
2502
2475
2346
2372
2269
2288
2382
2240
2301
2255
2271
2299
2253
2126
2228
2226
2247
2284
2269
2281
2239
2335
2358
2253
2378
2392
2390
2360
2455
2501
2495
2497
2583
2690
2578
2612
2647
2702
2740
2653
2754
2680
2631
2724
2767
2692
2628
2633
2631
2599
2554
2430
2540
2471
2467
2411
2407
2412
2418
2328
2359
2317
2315
2212
2280
2242
2210
2192
2278
2335
2230
2225
2152
2289
2255
2291
2283
2325
2291
2353
2386
2384
2431
2433
2337
2406
2468
2493
2508
2473
2568
2478
2471
2587
2494
2413
2490
2418
2466
2398
2283
2325
2353
2273
2290
2335
2188
2251
2254
2130
2183
2157
2054
2046
2027
2057
2007
2001
1959
1996
1932
1959
1954
1987
2016
1978
2018
2009
2015
2026
2040
1962
2036
2040
2067
2049
2060
2026
2043
2115
2127
2137
2069
2067
2081
2032
2075
1965
1971
1986
1943
2027
1964
1966
1919
1975
1916
1817
1845
1789
1738
1767
1744
1662
1733
1612
1571
1574
1640
1577
1568
1659
1545
1538
1588
1621
1594
1553
1555
1609
1591
1517
1551
1529
1565
1525
1527
1554
1641
1693
1624
1584
1625
1644
1515
1573
1643
1523
1534
1533
1498
1498
1449
1442
1464
1437
1452
1425
1427
1375
1371
1324
1348
1335
1251
1286
1308
1243
1230
1222
1186
1244
1220
1145
1150
1268
1157
1199
1144
1138
1122
1106
1207
1069
1105
1153
1117
1123
1134
1132
1150
1093
1098
1165
1056
1118
1096
1055
1084
1098
1047
1088
1035
1039
1037
995
1009
994
972
943
915
942
1022
943
921
914
898
904
858
889
849
837
834
760
803
775
844
809
775
770
730
780
769
749
770
754
767
746
775
735
745
680
754
725
757
708
695
742
694
667
761
664
658
720
688
645
647
698
661
629
689
607
631
604
577
581
567
557
554
569
528
589
546
525
532
505
534
523
541
529
518
478
514
497
511
505
458
481
512
508
498
476
452
469
487
471
452
434
456
474
483
437
408
415
423
444
432
412
447
385
445
399
394
373
403
377
363
371
334
387
333
373
356
348
319
336
352
326
331
320
331
319
309
292
299
307
307
326
319
291
295
298
292
312
299
243
278
258
265
278
287
270
262
254
268
268
251
264
243
241
254
220
237
248
206
243
228
215
195
219
199
173
211
208
185
221
216
182
198
165
192
180
177
185
184
160
171
166
184
183
166
153
149
149
171
127
171
180
128
149
137
141
163
137
142
147
131
134
142
133
149
159
135
144
132
128
128
140
123
128
144
137
133
117
117
118
120
113
116
87
109
116
99
118
103
104
101
97
97
99
101
90
76
103
105
93
98
85
86
74
81
91
88
81
84
66
76
82
102
66
73
70
79
83
56
61
72
59
63
70
74
67
70
57
52
59
69
71
58
49
60
60
62
55
74
60
56
38
46
57
46
62
51
58
53
38
50
52
39
46
47
41
44
46
48
47
38
50
43
32
42
43
30
43
51
28
44
27
31
43
36
40
35
41
29
29
32
37
32
30
38
22
26
29
39
40
34
29
22
22
29
29
21
37
19
28
25
16
24
24
19
25
20
21
21
18
18
22
14
16
17
19
19
16
17
25
17
18
16
14
26
21
20
16
10
14
14
19
15
21
14
19
11
19
16
13
14
20
17
9
13
12
14
15
16
7
11
12
9
3
5
9
12
10
14
19
7
12
4
13
12
9
6
10
7
7
11
12
16
12
7
9
12
6
9
8
7
9
5
4
11
7
4
4
7
6
5
4
3
7
3
5
8
11
8
5
6
7
2
9
12
12
5
9
2
8
4
7
5
9
6
7
2
6
1
4
3
5
9
4
5
4
2
4
5
7
3
4
2
2
1
4
5
1
5
3
2
2
2
2
2
0
1
4
1
1
4
4
2
3
4
1
1
2
1
5
2
1
1
1
0
2
3
2
1
2
3
5
5
1
3
3
0
3
0
1
3
0
1
2
5
2
0
4
0
0
0
2
0
1
0
0
2
0
1
0
1
1
0
3
2
0
2
1
4
1
1
2
0
0
1
2
3
0
0
1
0
3
0
1
0
1
1
0
2
1
0
2
3
0
0
1
0
1
1
1
0
0
0
0
0
0
0
1
1
0
0
0
1
0
2
1
0
0
1
1
0
0
1
1
1
0
0
0
0
0
0
0
0
0
0
0
0
0
1
1
0
0
0
0
1
0
0
0
0
0
0
0
0
0
0
0
0
1
0
0
0
0
0
0
0
0
0
0
0
0
0
0
0
0
0
0
0
0
0
0
0
0
1
0
0
0
0
0
0
0
0
0
0
0
0
0
0
0
0
0
0
0
0
0
0
0
0
0
0
0
0
0
0
0
0
0
0
0
0
0
0
0
0
0
0
0
0
0
0
0
0
0
0
0
0
0
0
0
0
0
0
0
0
0
0
0
0
0
0
0
0
0
1
0
0
0
0
0
0
0
0
0
0
0
0
0
0
0
0
0
0
0
0
0
0
0
0
0
0
0
1
0
0
0
0
0
0
0
0
1
0
0
0
0
0
0
0
0
0
0
0
0
0
0
0
0
0
0
0
0
0
0
0
0
0
0
0
0
0
0
0
0
0
0
0
0
0
0
0
0
0
0
0
0
0
0
0
0
0
0
0
0
0
0
0
0
0
0
0
0
0
0
0
0
0
0
0
0
0
0
0
0
0
0
0
0
0
0
0
0
0
0
0
0
0
0
0
0
0
0
0
0
0
0
0
0
0
0
0
0
0
0
0
0
0
0
0
0
0
0
0
0
0
0
0
0
0
0
0
0
0
0
0
0
0
0
0
0
0
0
0
0
0
0
0
0
0
0
0
0
0
0
0
0
0
0
0
0
0
0
0
0
0
0
0
0
0
0
0
0
0
0
0
0
0
0
0
0
0
0
0
0
0
0
0
0
0
0
0
0
0
0
0
0
0
0
0
0
0
0
0
0
0
0
0
0
0
0
0
0
0
0
0
0
0
0
0
0
0
0
0
0
0
0
0
0
0
0
0
0
0
0
0
0
0
0
0
0
0
0
0
0
0
0
0
0
0
0
0
0
0
0
0
0
0
0
0
0
0
0
0
0
0
0
0
0
0
0
0
0
0
0
0
0
0
0
0
0
0
0
0
0
0
0
0
0
0
0
0
0
0
0
0
0
0
0
0
0
0
0
0
0
0
0
0
0
0
0
0
0
0
0
0
0
0
0
0
0
0
0
0
0
0
0
0
0
0
0
0
0
0
0
0
0
0
0
0
0
0
0
0
0
0
0
0
0
0
0
0
0
0
0
0
0
0
0
0
0
0
0
0
0
0
0
0
0
0
0
0
0
0
0
0
0
0
0
0
0
0
0
0
0
0
0
0
0
0
0
0
0
0
0
0
0
0
0
0
0
0
0
0
0
0
0
0
0
0
0
0
0
0
0
0
0
0
0
0
0
0
0
0
0
0
0
0
0
0
0
0
0
0
0
0
0
0
0
0
0
0
0
0
0
0
0
0
0
0
0
0
0
0
0
0
0
0
0
0
0
0
0
0
0
0
0
0
0
0
0
0
0
0
0
0
0
0
0
0
0
0
0
0
0
0
0
0
0
0
0
0
0
0
0
0
0
0
0
0
0
0
0
0
0
0
0
0
0
0
0
0
0
0
0
0
0
0
0
0
0
0
0
0
0
0
0
0
0
0
0
0
0
0
0
0
0
0
0
0
0
0
0
0
0
0
0
0
0
0
0
0
0
0
0
0
0
0
0
0
0
0
0
0
0
0
0
0
0
0
0
0
0
0
0
0
0
0
0
0
0
0
0
0
0
0
0
0
0
0
0
0
0
0
0
0
0
0
0
0
0
0
0
0
0
0
0
0
0
0
0
0
0
0
0
0
0
0
0
0
0
0
0
0
0
0
0
0
0
0
0
0
0
0
0
0
0
0
0
0
0
0
0
0
0
0
0
0
0
0
0
0
0
0
0
0
0
0
0
0
0
0
0
0
0
0
0
0
0
0
0
0
0
0
0
0
0
0
0
0
0
0
0
0
0
0
0
0
0
0
0
0
0
0
0
0
0
0
0
0
0
0
0
0
0
0
0
0
0
0
0
0
0
0
0
0
0
0
0
0
0
0
0
0
0
0
0
0
0
0
0
0
0
0
0
0
0
0
0
0
0
0
0
0
0
0
0
0
0
0
0
0
0
0
0
0
0
0
0
0
0
0
0
0
0
0
0
0
0
0
0
0
0
0
0
0
0
0
0
0
0
0
0
0
0
0
0
0
0
0
0
0
0
0
0
0
0
0
0
0
0
0
0
0
0
0
0
0
0
0
0
0
0
0
0
0
0
0
0
0
0
0
0
0
0
0
0
0
0
0
0
0
0
0
0
0
0
0
0
0
0
0
0
0
0
0
0
0
0
0
0
0
0
0
0
0
0
0
0
0
0
0
0
0
0
0
0
0
0
0
0
0
0
0
0
0
0
0
0
0
0
0
0
0
0
0
0
0
0
0
0
0
0
0
0
0
0
0
0
0
0
0
0
0
0
0
0
0
0
0
0
0
0
0
0
0
0
0
0
0
0
0
0
0
0
0
0
0
0
0
0
0
0
0
0
0
0
0
0
0
0
0
0
0
0
0
0
0
0
0
0
0
0
0
0
0
0
0
0
0
0
0
0
0
0
0
0
0
0
0
0
0
0
0
0
0
0
0
0
0
0
0
0
0
0
0
0
0
0
0
0
0
0
0
0
0
0
0
0
0
0
0
0
0
0
0
0
0
0
0
0
0
0
0
0
0
0
0
0
0
0
0
0
0
0
0
0
0
0
0
0
0
0
0
0
0
0
0
0
0
0
0
0
0
0
0
0
0
0
0
0
0
0
0
0
0
0
0
0
0
0
0
0
0
0
0
0
0
0
0
0
0
0
0
0
0
0
0
0
0
0
0
0
0
0
0
0
0
0
0
0
0
0
0
0
0
0
0
0
0
0
0
0
0
0
0
0
0
0
0
0
0
0
0
0
0
0
0
0
0
0
0
0
0
0
0
0
0
0
0
0
0
0
0
0
0
0
0
0
0
0
0
0
0
0
0
0
0
0
0
0
0
0
0
0
0
0
0
0
0
0
0
0
0
0
0
0
0
0
0
0
0
0
0
0
0
0
0
0
0
0
0
0
0
0
0
0
0
0
0
0
0
0
0
0
0
0
0
0
0
0
0
0
0
0
0
0
0
0
0
0
0
0
0
0
0
0
0
0
0
0
0
0
0
0
0
0
0
0
0
0
0
0
0
0
0
0
0
0
0
0
0
0
0
0
0
0
0
0
0
0
0
0
0
0
0
0
0
0
0
0
0
0
0
0
0
0
0
0
0
0
0
0
0
0
0
0
0
0
0
0
0
0
0
0
0
0
0
0
0
0
0
0
0
0
0
0
0
0
0
0
0
0
0
0
0
0
0
0
0
0
0
0
0
0
0
0
0
0
0
0
0
0
0
0
0
0
0
0
0
0
0
0
0
0
0
0
0
0
0
0
0
0
0
0
0
0
0
0
0
0
0
0
0
0
0
0
0
0
0
0
0
0
0
0
0
0
0
0
0
0
0
0
0
0
0
0
0
0
0
0
0
0
0
0
0
0
0
0
0
0
0
0
0
0
0
0
0
0
0
0
0
0
0
0
0
0
0
0
0
0
0
0
0
0
0
0
0
0
0
0
0
0
0
0
0
0
0
0
0
0
0
0
0
0
0
0
0
0
0
0
0
0
0
0
0
0
0
0
0
0
0
0
0
0
0
0
0
0
0
0
0
0
0
0
0
0
0
0
0
0
0
0
0
0
0
0
0
0
0
0
0
0
0
0
0
0
0
0
0
0
0
0
0
0
0
0
0
0
0
0
0
0
0
0
0
0
0
0
0
0
0
0
0
0
0
0
0
0
0
0
0
0
0
0
0
0
0
0
0
0
0
0
0
0
0
0
0
0
0
0
0
0
0
0
0
0
0
0
0
0
0
0
0
0
0
0
0
0
0
0
0
0
0
0
0
0
0
0
0
0
0
0
0
0
0
0
0
0
0
0
0
0
0
0
0
0
0
0
0
0
0
0
0
0
0
0
0
0
0
0
0
0
0
0
0
0
0
0
0
0
0
0
0
0
0
0
0
0
0
0
0
0
0
0
0
0
0
0
0
0
0
0
0
0
0
0
0
0
0
0
0
0
0
0
0
0
0
0
0
0
0
0
0
0
0
0
0
0
0
0
0
0
0
0
0
0
0
0
0
0
0
0
0
0
0
0
0
0
0
0
0
0
0
0
0
0
0
0
0
0
0
0
0
0
0
0
0
0
0
0
0
0
0
0
0
0
0
0
0
0
0
0
0
0
0
0
0
0
0
0
0
0
0
0
0
0
0
0
0
0
0
0
0
0
0
0
0
0
0
0
0
0
0
0
0
0
0
0
0
0
0
0
0
0
0
0
0
0
0
0
0
0
0
0
0
0
0
0
0
0
0
0
0
0
0
0
0
0
0
0
0
0
0
0
0
0
0
0
0
0
0
0
0
0
0
0
0
0
0
0
0
0
0
0
0
0
0
0
0
0
0
0
0
0
0
0
0
0
0
0
0
0
0
0
0
0
0
0
0
0
0
0
0
0
0
0
0
0
0
0
0
0
0
0
0
0
0
0
0
0
0
0
0
0
0
0
0
0
0
0
0
0
0
0
0
0
0
0
0
0
0
0
0
0
0
0
0
0
0
0
0
0
0
0
0
0
0
0
0
0
0
0
0
0
0
0
0
0
0
0
0
0
0
0
0
0
0
0
0
0
0
0
0
0
0
0
0
0
0
0
0
0
0
0
0
0
0
0
0
0
0
0
0
0
0
0
0
0
0
0
0
0
0
0
0
0
0
0
0
0
0
0
0
0
0
0
0
0
0
0
0
0
0
0
0
0
0
0
0
0
0
0
0
0
0
0
0
0
0
0
0
0
0
0
0
0
0
0
0
0
0
0
0
0
0
0
0
0
0
0
0
0
0
0
0
0
0
0
0
0
0
0
0
0
0
0
0
0
0
0
0
0
0
0
0
0
0
0
0
0
0
0
0
0
0
0
0
0
0
0
0
0
0
0
0
0
0
0
0
0
0
0
0
0
0
0
0
0
0
0
0
0
0
0
0
0
0
0
0
0
0
0
0
0
0
0
0
0
0
0
0
0
0
0
0
0
0
0
0
0
0
0
0
0
0
0
0
0
0
0
0
0
0
0
0
0
0
0
0
0
0
0
0
0
0
0
0
0
0
0
0
0
0
0
0
0
0
0
0
0
0
0
0
0
0
0
0
0
0
0
0
0
0
0
0
0
0
0
0
0
0
0
0
0
0
0
0
0
0
0
0
0
0
0
0
0
0
0
0
0
0
0
0
0
0
0
0
0
0
0
0
0
0
0
0
0
0
0
0
0
0
0
0
0
0
0
0
0
0
0
0
0
0
0
0
0
0
0
0
0
0
0
0
0
0
0
0
0
0
0
0
0
0
0
0
0
0
0
0
0
0
0
0
0
0
0
0
0
0
0
0
0
0
0
0
0
0
0
0
0
0
0
0
0
0
0
0
0
0
0
0
0
0
0
0
0
0
0
0
0
0
0
0
0
0
0
0
0
0
0
0
0
0
0
0
0
0
0
0
0
0
0
0
0
0
0
0
0
0
0
0
0
0
0
0
0
0
0
0
0
0
0
0
0
0
0
0
0
0
0
0
0
0
0
0
0
0
0
0
0
0
0
0
0
0
0
0
0
0
0
0
0
0
0
0
0
0
0
0
0
0
0
0
0
0
0
0
0
0
0
0
0
0
0
0
0
0
0
0
0
0
0
0
0
0
0
0
0
0
0
0
0
0
0
0
0
0
0
0
0
0
0
0
0
0
0
0
0
0
0
0
0
0
0
0
0
0
0
0
0
0
0
0
0
0
0
0
0
0
0
0
0
0
0
0
0
0
0
0
0
0
0
0
0
0
0
0
0
0
0
0
0
0
0
0
0
0
0
0
0
0
0
0
0
0
0
0
0
0
0
0
0
0
0
0
0
0
0
0
0
0
0
0
0
0
0
0
0
0
0
0
0
0
0
0
0
0
0
0
0
0
0
0
0
0
0
0
0
0
0
0
0
0
0
0
0
0
0
0
0
0
0
0
0
0
0
0
0
0
0
0
0
0
0
0
0
0
0
0
0
0
0
0
0
0
0
0
0
0
0
0
0
0
0
0
0
0
0
0
0
0
0
0
0
0
0
0
0
0
0
0
0
0
0
0
0
0
0
0
0
0
0
0
0
0
0
0
0
0
0
0
0
0
0
0
0
0
0
0
0
0
0
0
0
0
0
0
0
0
0
0
0
0
0
0
0
0
0
0
0
0
0
0
0
0
0
0
0
0
0
0
0
0
0
0
0
0
0
0
0
0
0
0
0
0
0
0
0
0
0
0
0
0
0
0
0
0
0
0
