0
0
0
0
0
0
0
0
0
0
0
0
0
0
0
0
0
0
0
0
0
0
0
0
0
0
0
0
0
0
0
0
0
0
0
0
0
0
0
0
0
0
0
0
0
0
0
0
0
0
0
0
0
0
0
0
0
0
0
0
0
0
0
0
0
0
0
0
0
0
0
0
0
0
0
0
0
0
0
0
0
0
0
0
0
0
0
0
0
0
0
0
0
0
0
0
0
0
0
0
0
0
0
0
0
0
0
0
0
0
0
0
0
0
0
0
0
0
0
0
0
0
0
0
0
0
0
0
0
0
0
0
0
0
0
0
0
0
0
0
0
0
0
0
0
0
0
0
0
0
0
0
0
0
0
0
0
0
0
0
0
0
0
0
0
0
0
0
0
0
0
0
0
0
0
0
0
0
0
0
0
0
0
0
0
0
0
0
0
0
0
0
0
0
0
0
0
0
0
0
0
0
0
0
0
0
1
0
0
0
0
0
0
0
0
0
0
0
0
0
0
0
0
0
0
0
0
0
1
0
0
0
0
0
0
0
0
0
0
0
1
1
1
0
0
0
0
0
0
1
1
0
0
1
0
3
0
1
1
3
1
1
3
3
0
1
0
2
0
0
3
4
2
2
3
1
2
2
0
3
1
2
1
3
3
0
0
4
1
0
1
2
1
3
6
7
2
7
2
5
4
7
9
7
8
5
12
3
9
7
6
13
10
5
11
8
8
10
9
6
9
6
2
6
7
6
15
7
17
11
7
8
13
13
9
10
13
16
10
25
16
25
19
21
24
29
19
20
23
33
17
33
24
26
28
40
33
38
28
36
30
33
43
27
33
33
23
26
25
36
34
35
33
39
36
29
29
45
46
31
42
49
62
57
57
48
54
55
69
72
57
63
59
72
88
87
91
78
66
97
96
67
89
80
77
82
95
66
91
93
74
82
79
83
79
92
97
114
85
82
105
92
92
100
117
96
123
125
135
131
174
150
150
134
162
183
198
152
181
170
202
176
171
170
194
172
184
176
202
193
192
187
162
190
170
182
200
211
214
172
206
205
206
206
214
233
230
243
248
277
263
273
257
314
302
317
312
345
359
317
353
347
354
337
336
358
339
328
349
323
347
293
327
313
320
335
343
337
331
346
349
347
346
374
372
378
395
410
397
435
422
491
441
458
510
440
491
507
541
526
505
541
532
553
545
555
598
546
601
588
545
557
565
563
584
556
557
504
516
544
574
569
600
599
592
541
594
613
597
596
623
585
634
724
691
746
695
739
696
770
769
800
827
838
822
830
851
814
894
903
846
844
851
809
805
788
830
832
820
752
805
811
799
835
806
816
810
825
856
832
826
940
887
925
948
1012
993
1003
1052
1015
1013
1072
1155
1088
1101
1127
1137
1144
1099
1166
1155
1150
1185
1140
1122
1125
1086
1056
1118
1061
1094
1139
1052
1093
1138
1063
1068
1162
1102
1079
1138
1111
1197
1177
1206
1203
1255
1249
1359
1304
1313
1284
1326
1301
1446
1467
1410
1420
1419
1363
1477
1421
1491
1419
1413
1459
1401
1403
1424
1378
1380
1397
1396
1329
1357
1343
1293
1410
1369
1359
1372
1364
1421
1432
1364
1381
1398
1513
1534
1487
1557
1568
1535
1531
1558
1582
1636
1622
1658
1669
1639
1641
1688
1703
1716
1687
1666
1633
1670
1603
1651
1611
1701
1596
1602
1694
1540
1548
1573
1578
1591
1654
1545
1601
1646
1607
1612
1695
1716
1746
1651
1705
1748
1745
1739
1791
1771
1820
1817
1850
1824
1830
1828
1866
1892
1864
1889
1813
1818
1862
1834
1834
1774
1834
1828
1848
1742
1712
1740
1749
1704
1701
1723
1712
1783
1778
1743
1749
1718
1860
1837
1695
1838
1888
1837
1841
1851
1891
1954
1866
1882
1931
1960
1949
1960
1943
1966
1966
2006
2005
1911
1873
1947
1929
1913
1894
1916
1877
1772
1863
1820
1779
1813
1775
1780
1852
1854
1859
1877
1788
1869
1791
1896
1848
1843
1874
1895
1906
1928
1856
1906
1956
1930
1885
1953
2042
1915
1931
1961
1905
1969
1900
1917
1890
1888
1861
1873
1852
1842
1835
1834
1781
1817
1757
1832
1801
1782
1755
1799
1736
1805
1791
1829
1832
1717
1779
1823
1840
1783
1830
1800
1885
1863
1814
1850
1805
1814
1831
1791
1877
1848
1839
1892
1887
1831
1766
1672
1827
1828
1780
1759
1704
1700
1686
1675
1717
1718
1653
1654
1690
1695
1637
1674
1719
1703
1731
1691
1639
1629
1644
1756
1635
1748
1683
1723
1738
1701
1672
1749
1681
1683
1659
1711
1689
1689
1586
1692
1619
1584
1615
1468
1623
1619
1589
1536
1491
1460
1558
1519
1525
1516
1446
1524
1486
1422
1433
1434
1520
1459
1464
1466
1538
1521
1495
1474
1533
1475
1440
1490
1466
1433
1483
1465
1433
1399
1462
1471
1440
1422
1433
1422
1350
1322
1368
1337
1297
1342
1306
1309
1276
1321
1321
1271
1309
1316
1289
1264
1259
1196
1264
1218
1291
1278
1245
1274
1277
1172
1240
1221
1224
1241
1280
1231
1211
1179
1204
1239
1236
1166
1189
1260
1140
1154
1191
1198
1124
1130
1142
1191
1086
1094
1123
1041
1105
1013
1058
1061
1062
1087
1047
1037
1057
1036
1011
1037
1055
1053
1012
1006
1044
1002
1000
1021
1049
936
975
1013
1003
979
870
980
967
935
954
981
884
943
891
908
848
857
870
879
837
886
886
887
871
857
797
838
801
842
814
796
741
806
784
794
783
801
802
710
780
784
769
749
778
751
759
760
777
773
736
690
706
725
684
713
665
652
689
660
689
659
628
655
647
691
637
632
604
619
623
592
614
590
584
618
596
645
560
593
560
592
561
552
571
629
558
539
560
546
561
492
571
514
517
486
493
509
483
527
457
476
475
511
486
470
495
484
449
473
429
469
471
476
428
448
426
415
393
464
458
413
398
397
447
396
418
392
412
386
379
357
373
386
389
381
351
384
383
357
362
355
377
343
352
369
328
327
337
317
334
322
331
338
349
310
324
334
320
303
307
303
276
266
299
297
285
273
293
287
243
278
234
266
237
259
250
210
223
237
252
242
212
215
219
205
216
206
222
229
197
183
196
199
212
200
221
178
193
188
187
188
180
173
198
179
179
172
152
171
142
151
163
160
168
146
162
143
123
146
146
151
119
138
137
110
124
125
105
108
119
122
119
118
113
98
118
98
109
93
107
90
79
97
100
97
82
83
99
85
78
87
93
84
80
83
82
85
79
76
67
56
76
80
55
59
66
75
70
43
61
70
67
56
65
52
52
60
53
50
51
47
66
48
47
52
49
43
43
51
44
41
28
54
54
35
35
27
40
34
36
34
27
26
38
21
37
29
35
22
29
25
31
27
30
30
19
12
18
24
24
16
14
15
21
15
19
23
20
18
16
14
17
16
15
11
32
17
13
14
13
17
15
7
20
13
13
19
12
14
10
11
10
5
6
10
13
7
8
6
8
5
6
7
9
6
10
5
5
5
3
9
6
9
5
5
3
6
6
4
8
5
7
2
4
8
1
6
2
6
5
5
4
2
3
2
2
2
4
4
2
4
5
3
3
1
2
1
5
3
2
0
3
5
2
1
0
4
1
1
2
1
0
0
1
2
2
2
2
0
0
0
1
1
1
4
1
1
0
2
0
0
1
3
0
0
0
0
0
2
1
1
0
2
0
1
0
0
1
0
2
1
0
2
0
0
1
0
0
0
0
1
0
0
2
0
0
0
0
0
0
0
0
1
0
0
0
0
1
0
0
0
0
0
0
0
0
0
0
0
0
0
0
0
0
0
1
0
0
0
0
0
0
0
0
0
0
0
0
0
0
0
0
0
0
0
0
0
0
0
0
0
0
0
0
0
0
0
0
0
0
0
0
0
0
0
0
0
0
0
0
0
0
0
0
0
0
0
0
0
0
0
0
0
0
0
0
0
0
0
0
0
0
0
0
0
0
0
0
0
0
0
0
0
0
0
0
0
0
0
0
0
0
0
0
0
0
0
0
0
0
0
0
0
0
0
0
0
0
0
0
0
0
0
0
0
0
0
0
0
0
0
0
0
0
0
0
0
0
0
0
0
0
0
0
0
0
0
0
0
0
0
0
0
0
0
0
0
0
0
0
0
0
0
0
0
0
0
0
0
0
0
0
0
0
0
0
0
0
0
0
0
0
0
0
0
0
0
0
0
0
0
0
0
0
0
0
0
0
0
0
0
0
0
0
0
0
0
0
0
0
0
0
0
0
0
0
0
0
0
0
0
0
0
0
0
0
0
0
0
0
0
0
0
0
0
0
0
0
0
0
0
0
0
0
0
0
0
0
0
0
0
0
0
0
0
0
0
0
0
0
0
0
0
0
0
0
0
0
0
0
0
0
0
0
0
0
0
0
0
0
0
0
0
0
0
0
0
0
0
0
0
0
0
0
0
0
0
0
0
0
0
0
0
0
0
0
0
0
0
0
0
0
0
0
0
0
0
0
0
0
0
0
0
0
0
0
0
0
0
0
0
0
0
0
0
0
0
0
0
0
0
0
0
0
0
0
0
0
0
0
0
0
0
0
0
0
0
0
0
0
0
0
0
0
0
0
0
0
0
0
0
0
0
0
0
0
0
0
0
0
0
0
0
0
0
0
0
0
0
0
0
0
0
0
0
0
0
0
0
0
0
0
0
0
0
0
0
0
0
0
0
0
0
0
0
0
0
0
0
0
0
0
0
0
0
0
0
0
0
0
0
0
0
0
0
0
0
0
0
0
0
0
0
0
0
0
0
0
0
0
0
0
0
0
0
0
0
0
0
0
0
0
0
0
0
0
0
0
0
0
0
0
0
0
0
0
0
0
0
0
0
0
0
0
0
0
0
0
0
0
0
0
0
0
0
0
0
0
0
0
0
0
0
0
0
0
0
0
0
0
0
0
0
0
0
0
0
0
0
0
0
0
0
0
0
0
0
0
0
0
0
0
0
0
0
0
0
0
0
0
0
0
0
0
0
0
0
0
0
0
0
0
0
0
0
0
0
0
0
0
0
0
0
0
0
0
0
0
0
0
0
0
0
0
0
0
0
0
0
0
0
0
0
0
0
0
0
0
0
0
0
0
0
0
0
0
0
0
0
0
0
0
0
0
0
0
0
0
0
0
0
0
0
0
0
0
0
0
0
0
0
0
0
0
0
0
0
0
0
0
0
0
0
0
0
0
0
0
0
0
0
0
0
0
0
0
0
0
0
0
0
0
0
0
0
0
0
0
0
0
0
0
0
0
0
0
0
0
0
0
0
0
0
0
0
0
0
0
0
0
0
0
0
0
0
0
0
0
0
0
0
0
0
0
0
0
0
0
0
0
0
0
0
0
0
0
0
0
0
0
0
0
0
0
0
0
0
0
0
0
0
0
0
0
0
0
0
0
0
0
0
0
0
0
0
0
0
0
0
0
0
0
0
0
0
0
0
0
0
0
0
0
0
0
0
0
0
0
0
0
0
0
0
0
0
0
0
0
0
0
0
0
0
0
0
0
0
0
0
0
0
0
0
0
0
0
0
0
0
0
0
0
0
0
0
0
0
0
0
0
0
0
0
0
0
0
0
0
0
0
0
0
0
0
0
0
0
0
0
0
0
0
0
0
0
0
0
0
0
0
0
0
0
0
0
0
0
0
0
0
0
0
0
0
0
0
0
0
0
0
0
0
0
0
0
0
0
0
0
0
0
0
0
0
0
0
0
0
0
0
0
0
0
0
0
0
0
0
0
0
0
0
0
0
0
0
0
0
0
0
0
0
0
0
0
0
0
0
0
0
0
0
0
0
0
0
0
0
0
0
0
0
0
0
0
0
0
0
0
0
0
0
0
0
0
0
0
0
0
0
0
0
0
0
0
0
0
0
0
0
0
0
0
0
0
0
0
0
0
0
0
0
0
0
0
0
0
0
0
0
0
0
0
0
0
0
0
0
0
0
0
0
0
0
0
0
0
0
0
0
0
0
0
0
0
0
0
0
0
0
0
0
0
0
0
0
0
0
0
0
0
0
0
0
0
0
0
0
0
0
0
0
0
0
0
0
0
0
0
0
0
0
0
0
0
0
0
0
0
0
0
0
0
0
0
0
0
0
0
0
0
0
0
0
0
0
0
0
0
0
0
0
0
0
0
0
0
0
0
0
0
0
0
0
0
0
0
0
0
0
0
0
0
0
0
0
0
0
0
0
0
0
0
0
0
0
0
0
0
0
0
0
0
0
0
0
0
0
0
0
0
0
0
0
0
0
0
0
0
0
0
0
0
0
0
0
0
0
0
0
0
0
0
0
0
0
0
0
0
0
0
0
0
0
0
0
0
0
0
0
0
0
0
0
0
0
0
0
0
0
0
0
0
0
0
0
0
0
0
0
0
0
0
0
0
0
0
0
0
0
0
0
0
0
0
0
0
0
0
0
0
0
0
0
0
0
0
0
0
0
0
0
0
0
0
0
0
0
0
0
0
0
0
0
0
0
0
0
0
0
0
0
0
0
0
0
0
0
0
0
0
0
0
0
0
0
0
0
0
0
0
0
0
0
0
0
0
0
0
0
0
0
0
0
0
0
0
0
0
0
0
0
0
0
0
0
0
0
0
0
0
0
0
0
0
0
0
0
0
0
0
0
0
0
0
0
0
0
0
0
0
0
0
0
0
0
0
0
0
0
0
0
0
0
0
0
0
0
0
0
0
0
0
0
0
0
0
0
0
0
0
0
0
0
0
0
0
0
0
0
0
0
0
0
0
0
0
0
0
0
0
0
0
0
0
0
0
0
0
0
0
0
0
0
0
0
0
0
0
0
0
0
0
0
0
0
0
0
0
0
0
0
0
0
0
0
0
0
0
0
0
0
0
0
0
0
0
0
0
0
0
0
0
0
0
0
0
0
0
0
0
0
0
0
0
0
0
0
0
0
0
0
0
0
0
0
0
0
0
0
0
0
0
0
0
0
0
0
0
0
0
0
0
0
0
0
0
0
0
0
0
0
0
0
0
0
0
0
0
0
0
0
0
0
0
0
0
0
0
0
0
0
0
0
0
0
0
0
0
0
0
0
0
0
0
0
0
0
0
0
0
0
0
0
0
0
0
0
0
0
0
0
0
0
0
0
0
0
0
0
0
0
0
0
0
0
0
0
0
0
0
0
0
0
0
0
0
0
0
0
0
0
0
0
0
0
0
0
0
0
0
0
0
0
0
0
0
0
0
0
0
0
0
0
0
0
0
0
0
0
0
0
0
0
0
0
0
0
0
0
0
0
0
0
0
0
0
0
0
0
0
0
0
0
0
0
0
0
0
0
0
0
0
0
0
0
0
0
0
0
0
0
0
0
0
0
0
0
0
0
0
0
0
0
0
0
0
0
0
0
0
0
0
0
0
0
0
0
0
0
0
0
0
0
0
0
0
0
0
0
0
0
0
0
0
0
0
0
0
0
0
0
0
0
0
0
0
0
0
0
0
0
0
0
0
0
0
0
0
0
0
0
0
0
0
0
0
0
0
0
0
0
0
0
0
0
0
0
0
0
0
0
0
0
0
0
0
0
0
0
0
0
0
0
0
0
0
0
0
0
0
0
0
0
0
0
0
0
0
0
0
0
0
0
0
0
0
0
0
0
0
0
0
0
0
0
0
0
0
0
0
0
0
0
0
0
0
0
0
0
0
0
0
0
0
0
0
0
0
0
0
0
0
0
0
0
0
0
0
0
0
0
0
0
0
0
0
0
0
0
0
0
0
0
0
0
0
0
0
0
0
0
0
0
0
0
0
0
0
0
0
0
0
0
0
0
0
0
0
0
0
0
0
0
0
0
0
0
0
0
0
0
0
0
0
0
0
0
0
0
0
0
0
0
0
0
0
0
0
0
0
0
0
0
0
0
0
0
0
0
0
0
0
0
0
0
0
0
0
0
0
0
0
0
0
0
0
0
0
0
0
0
0
0
0
0
0
0
0
0
0
0
0
0
0
0
0
0
0
0
0
0
0
0
0
0
0
0
0
0
0
0
0
0
0
0
0
0
0
0
0
0
0
0
0
0
0
0
0
0
0
0
0
0
0
0
0
0
0
0
0
0
0
0
0
0
0
0
0
0
0
0
0
0
0
0
0
0
0
0
0
0
0
0
0
0
0
0
0
0
0
0
0
0
0
0
0
0
0
0
0
0
0
0
0
0
0
0
0
0
0
0
0
0
0
0
0
0
0
0
0
0
0
0
0
0
0
0
0
0
0
0
0
0
0
0
0
0
0
0
0
0
0
0
0
0
0
0
0
0
0
0
0
0
0
0
0
0
0
0
0
0
0
0
0
0
0
0
0
0
0
0
0
0
0
0
0
0
0
0
0
0
0
0
0
0
0
0
0
0
0
0
0
0
0
0
0
0
0
0
0
0
0
0
0
0
0
0
0
0
0
0
0
0
0
0
0
0
0
0
0
0
0
0
0
0
0
0
0
0
0
0
0
0
0
0
0
0
0
0
0
0
0
0
0
0
0
0
0
0
0
0
0
0
0
0
0
0
0
0
0
0
0
0
0
0
0
0
0
0
0
0
0
0
0
0
0
0
0
0
0
0
0
0
0
0
0
0
0
0
0
0
0
0
0
0
0
0
0
0
0
0
0
0
0
0
0
0
0
0
0
0
0
0
0
0
0
0
0
0
0
0
0
0
0
0
0
0
0
0
0
0
0
0
0
0
0
0
0
0
0
0
0
0
0
0
0
0
0
0
0
0
0
0
0
0
0
0
0
0
0
0
0
0
0
0
0
0
0
0
0
0
0
0
0
0
0
0
0
0
0
0
0
0
0
0
0
0
0
0
0
0
0
0
0
0
0
0
0
0
0
0
0
0
0
0
0
0
0
0
0
0
0
0
0
0
0
0
0
0
0
0
0
0
0
0
0
0
0
0
0
0
0
0
0
0
0
0
0
0
0
0
0
0
0
0
0
0
0
0
0
0
0
0
0
0
0
0
0
0
0
0
0
0
0
0
0
0
0
0
0
0
0
0
0
0
0
0
0
0
0
0
0
0
0
0
0
0
0
0
0
0
0
0
0
0
0
0
0
0
0
0
0
0
0
0
0
0
0
0
0
0
0
0
0
0
0
0
0
0
0
0
0
0
0
0
0
0
0
0
0
0
0
0
0
0
0
0
0
0
0
0
0
0
0
0
0
0
0
0
0
0
0
0
0
0
0
0
0
0
0
0
0
0
0
0
0
0
0
0
0
0
0
0
0
0
0
0
0
0
0
0
0
0
0
0
0
0
0
0
0
0
0
0
0
0
0
0
0
0
0
0
0
0
0
0
0
0
0
0
0
0
0
0
0
0
0
0
0
0
0
0
0
0
0
0
0
0
0
0
0
0
0
0
0
0
0
0
0
0
0
0
0
0
0
0
0
0
0
0
0
0
0
0
0
0
0
0
0
0
0
0
0
0
0
0
0
0
0
0
0
0
0
0
0
0
0
0
0
0
0
0
0
0
0
0
0
0
0
0
0
0
0
0
0
0
0
0
0
0
0
0
0
0
0
0
0
0
0
0
0
0
0
0
0
0
0
0
0
0
0
0
0
0
0
0
0
0
0
0
0
