0
0
0
0
0
0
0
0
0
0
0
0
0
0
0
0
0
0
0
0
0
0
0
0
0
0
0
0
0
0
0
0
0
0
0
0
0
0
0
0
0
0
0
0
0
0
0
0
0
0
0
0
0
0
0
0
0
0
0
0
0
0
0
0
0
0
0
0
0
0
0
0
0
0
0
0
0
0
0
0
0
0
0
0
0
0
0
0
0
0
0
0
0
0
0
0
0
0
0
0
0
0
0
0
0
0
0
0
0
0
0
0
0
0
0
0
0
0
0
0
0
0
0
0
0
0
0
0
0
0
0
0
0
0
0
0
0
0
0
0
0
0
0
0
0
0
0
0
0
0
0
0
0
0
0
0
0
0
0
0
0
0
0
0
0
0
0
0
0
0
0
0
0
0
0
0
0
0
0
0
0
0
0
0
0
0
0
0
0
0
0
0
1
0
0
0
0
0
1
0
1
0
0
0
0
0
0
0
0
0
0
0
0
0
0
0
0
0
0
1
0
0
0
0
0
0
0
0
0
0
0
0
0
1
0
0
0
0
0
1
0
0
0
0
0
1
1
0
1
0
0
0
1
1
0
2
0
2
1
0
0
2
0
1
1
2
4
1
2
0
3
4
0
2
1
2
2
2
2
1
0
0
1
2
0
3
1
3
5
4
1
2
3
4
1
3
1
3
3
6
3
2
6
4
4
1
7
5
7
7
3
7
5
4
4
8
4
2
8
1
11
8
8
6
9
8
5
10
7
9
3
4
8
6
7
8
10
10
3
7
5
9
4
8
6
12
16
12
12
9
17
9
17
21
14
15
24
19
26
23
16
27
21
14
14
15
16
22
17
26
31
21
21
15
23
14
26
20
22
21
29
24
28
19
25
34
22
21
29
33
18
20
14
27
26
35
29
27
31
33
31
35
38
38
48
33
46
36
35
39
42
41
51
53
54
53
50
65
51
56
68
55
59
44
49
53
50
54
72
51
63
43
59
58
54
61
47
50
50
57
65
61
64
73
78
71
66
66
77
85
112
88
91
87
91
91
96
104
92
100
106
109
115
101
112
94
115
119
125
116
113
119
119
120
116
121
129
114
155
121
118
130
100
120
117
137
125
128
121
127
140
127
132
147
146
134
160
131
149
173
156
140
158
165
179
188
154
177
198
213
217
215
199
208
201
211
215
222
224
228
208
235
224
225
244
223
240
205
229
214
198
218
239
237
224
211
223
219
269
260
235
235
201
239
264
248
260
278
253
297
259
255
259
285
311
302
310
282
343
329
360
340
341
327
344
366
348
348
335
331
343
391
397
405
340
364
344
351
357
361
363
368
369
388
367
347
356
368
353
394
400
398
361
396
393
360
356
440
402
445
423
405
465
430
449
484
494
458
465
503
511
518
544
519
523
529
553
529
551
538
586
576
570
579
530
579
551
565
534
614
537
562
567
550
460
522
530
579
516
511
573
578
576
561
570
586
588
610
610
592
595
616
665
651
648
658
653
600
688
670
706
680
704
703
733
706
733
752
768
740
702
730
748
774
740
733
770
759
723
752
755
684
764
733
741
742
773
712
702
759
773
800
801
818
741
728
809
784
784
857
827
821
857
839
860
875
907
868
926
843
914
937
948
972
904
968
954
951
955
1005
1011
1017
943
946
1000
957
934
921
958
977
943
921
951
958
944
958
957
977
971
948
991
965
933
1007
945
980
1004
964
1011
1003
1074
981
1078
1075
1098
1138
1125
1113
1071
1066
1153
1092
1118
1173
1167
1129
1145
1140
1212
1138
1129
1147
1164
1159
1188
1164
1192
1114
1171
1163
1141
1153
1136
1098
1159
1109
1180
1191
1151
1176
1119
1102
1140
1112
1149
1181
1127
1169
1180
1295
1173
1162
1197
1184
1251
1246
1271
1236
1201
1232
1318
1260
1261
1264
1283
1382
1321
1312
1347
1315
1350
1344
1326
1317
1315
1386
1271
1361
1366
1397
1331
1298
1309
1314
1245
1358
1241
1298
1283
1272
1307
1292
1272
1282
1301
1286
1278
1312
1346
1360
1262
1317
1358
1427
1315
1338
1379
1407
1374
1425
1395
1429
1437
1351
1478
1472
1377
1444
1436
1444
1411
1428
1468
1477
1457
1459
1421
1417
1435
1408
1423
1436
1391
1401
1423
1457
1421
1364
1408
1411
1414
1381
1373
1384
1366
1403
1435
1326
1380
1398
1465
1419
1404
1457
1370
1443
1419
1420
1427
1492
1426
1496
1467
1455
1462
1508
1540
1490
1554
1411
1411
1495
1444
1475
1552
1486
1491
1493
1413
1480
1389
1442
1409
1395
1450
1429
1475
1431
1461
1415
1426
1396
1432
1380
1400
1446
1415
1384
1444
1402
1442
1472
1358
1438
1433
1433
1485
1498
1473
1485
1508
1475
1505
1519
1426
1447
1475
1459
1458
1473
1572
1469
1469
1430
1453
1499
1478
1383
1391
1385
1459
1399
1451
1428
1426
1398
1319
1412
1373
1439
1386
1351
1414
1380
1331
1414
1326
1422
1411
1404
1365
1387
1351
1346
1466
1411
1426
1398
1417
1346
1423
1408
1449
1402
1354
1394
1420
1413
1351
1342
1379
1392
1363
1420
1414
1350
1430
1420
1322
1360
1314
1367
1309
1350
1357
1331
1372
1382
1311
1296
1282
1234
1285
1321
1353
1313
1251
1324
1276
1248
1343
1382
1275
1331
1303
1336
1276
1321
1278
1327
1330
1268
1330
1276
1314
1304
1304
1302
1314
1255
1359
1295
1294
1272
1274
1206
1312
1268
1274
1250
1212
1277
1183
1179
1151
1135
1213
1173
1237
1236
1195
1171
1126
1144
1207
1200
1172
1175
1230
1198
1199
1268
1123
1143
1142
1202
1103
1188
1157
1136
1168
1171
1197
1176
1117
1151
1112
1140
1156
1076
1160
1120
1126
1164
1082
1056
1053
1151
1106
1109
1138
1099
1063
1067
1031
1028
1009
1065
1084
1018
1042
1024
1027
1011
1022
977
976
996
1004
988
1051
1019
1070
968
1033
1032
1035
1004
951
984
961
958
1010
971
1015
905
903
1037
917
957
930
944
915
934
945
893
845
878
856
901
872
891
850
875
842
887
914
859
899
857
830
816
854
891
825
828
778
823
803
838
779
825
808
762
780
812
771
766
738
764
767
776
806
750
722
786
715
741
728
754
666
667
648
733
674
688
711
668
660
672
673
661
643
641
646
644
653
619
638
612
603
606
653
614
547
567
564
617
532
575
558
575
555
553
549
553
521
512
559
576
507
527
537
474
509
468
509
497
483
482
466
481
483
490
482
485
485
439
446
452
390
428
417
415
444
380
424
406
397
350
403
370
371
380
374
356
359
368
363
371
359
351
332
369
324
340
327
342
320
297
337
324
288
315
297
290
297
297
287
297
288
238
290
279
249
228
257
270
253
236
224
216
231
230
202
219
192
188
218
206
211
212
178
187
202
204
224
190
187
185
212
190
185
172
169
166
159
156
161
180
169
134
173
164
155
160
137
137
157
177
133
129
118
145
116
132
125
142
135
132
110
101
125
112
131
114
126
119
105
121
106
99
106
91
84
94
71
89
97
96
89
88
89
86
80
89
75
80
76
85
64
72
70
67
65
82
77
90
57
56
71
71
74
56
53
52
44
39
45
52
64
43
42
60
36
59
52
38
35
35
36
41
44
28
47
40
32
38
33
34
32
29
34
41
30
30
29
25
28
34
37
27
38
30
22
24
22
22
25
19
31
20
23
14
23
20
24
19
15
21
21
18
22
19
31
17
13
11
22
11
13
19
14
14
12
15
11
14
14
9
20
7
6
9
16
11
12
12
7
10
10
10
6
11
14
8
8
12
10
12
10
8
4
5
5
10
9
5
8
7
7
7
6
8
3
1
7
11
5
6
7
10
3
5
4
5
5
5
5
4
4
4
3
3
2
2
10
3
1
6
4
1
4
5
5
6
2
3
1
3
1
2
2
1
0
4
3
3
3
2
1
3
3
3
5
1
2
1
3
3
1
1
2
2
1
1
3
1
1
0
1
1
1
1
1
2
1
0
1
0
1
1
1
2
1
0
1
2
0
0
0
0
1
2
0
2
2
0
0
0
0
2
0
1
0
1
1
0
0
0
0
0
0
0
1
2
0
0
0
0
1
0
0
0
0
0
1
0
0
0
0
0
2
0
0
0
0
0
0
1
0
1
0
0
0
0
0
0
0
0
0
0
0
1
0
0
0
0
0
1
0
1
0
0
0
0
1
0
0
0
0
0
0
0
0
0
0
0
0
0
0
0
0
0
0
1
0
0
0
0
0
0
0
0
0
0
0
0
0
0
0
0
0
0
0
0
0
0
0
0
0
0
0
0
0
0
0
0
0
0
0
0
0
0
0
0
0
0
0
0
0
0
0
0
0
0
0
0
0
0
0
0
0
0
0
0
0
0
0
0
0
0
0
0
0
0
0
0
0
0
0
0
0
0
0
1
0
0
0
0
0
0
0
0
0
0
0
0
0
0
0
0
0
0
0
0
0
0
0
0
0
0
0
0
0
0
0
0
0
0
0
0
0
0
0
0
0
0
0
0
0
0
0
0
0
0
0
0
0
0
0
0
0
0
0
0
0
0
0
0
0
0
0
0
0
0
0
0
0
0
0
0
0
0
0
0
0
0
0
0
0
0
0
0
0
0
0
0
0
0
0
0
0
0
0
0
0
0
0
0
0
0
0
0
0
0
0
0
0
0
0
0
0
0
0
0
0
0
0
0
0
0
0
0
0
0
0
0
0
0
0
0
0
0
0
0
0
0
0
0
0
0
0
0
0
0
0
0
0
0
0
0
0
0
0
0
0
0
0
0
0
0
0
0
0
0
0
0
0
0
0
0
0
0
0
0
0
0
0
0
0
0
0
0
0
0
0
0
0
0
0
0
0
0
0
0
0
0
0
0
0
0
0
0
0
0
0
0
0
0
0
0
0
0
0
0
0
0
0
0
0
0
0
0
0
0
0
0
0
0
0
0
0
0
0
0
0
0
0
0
0
0
0
0
0
0
0
0
0
0
0
0
0
0
0
0
0
0
0
0
0
0
0
0
0
0
0
0
0
0
0
0
0
0
0
0
0
0
0
0
0
0
0
0
0
0
0
0
0
0
0
0
0
0
0
0
0
0
0
0
0
0
0
0
0
0
0
0
0
0
0
0
0
0
0
0
0
0
0
0
0
0
0
0
0
0
0
0
0
0
0
0
0
0
0
0
0
0
0
0
0
0
0
0
0
0
0
0
0
0
0
0
0
0
0
0
0
0
0
0
0
0
0
0
0
0
0
0
0
0
0
0
0
0
0
0
0
0
0
0
0
0
0
0
0
0
0
0
0
0
0
0
0
0
0
0
0
0
0
0
0
0
0
0
0
0
0
0
0
0
0
0
0
0
0
0
0
0
0
0
0
0
0
0
0
0
0
0
0
0
0
0
0
0
0
0
0
0
0
0
0
0
0
0
0
0
0
0
0
0
0
0
0
0
0
0
0
0
0
0
0
0
0
0
0
0
0
0
0
0
0
0
0
0
0
0
0
0
0
0
0
0
0
0
0
0
0
0
0
0
0
0
0
0
0
0
0
0
0
0
0
0
0
0
0
0
0
0
0
0
0
0
0
0
0
0
0
0
0
0
0
0
0
0
0
0
0
0
0
0
0
0
0
0
0
0
0
0
0
0
0
0
0
0
0
0
0
0
0
0
0
0
0
0
0
0
0
0
0
0
0
0
0
0
0
0
0
0
0
0
0
0
0
0
0
0
0
0
0
0
0
0
0
0
0
0
0
0
0
0
0
0
0
0
0
0
0
0
0
0
0
0
0
0
0
0
0
0
0
0
0
0
0
0
0
0
0
0
0
0
0
0
0
0
0
0
0
0
0
0
0
0
0
0
0
0
0
0
0
0
0
0
0
0
0
0
0
0
0
0
0
0
0
0
0
0
0
0
0
0
0
0
0
0
0
0
0
0
0
0
0
0
0
0
0
0
0
0
0
0
0
0
0
0
0
0
0
0
0
0
0
0
0
0
0
0
0
0
0
0
0
0
0
0
0
0
0
0
0
0
0
0
0
0
0
0
0
0
0
0
0
0
0
0
0
0
0
0
0
0
0
0
0
0
0
0
0
0
0
0
0
0
0
0
0
0
0
0
0
0
0
0
0
0
0
0
0
0
0
0
0
0
0
0
0
0
0
0
0
0
0
0
0
0
0
0
0
0
0
0
0
0
0
0
0
0
0
0
0
0
0
0
0
0
0
0
0
0
0
0
0
0
0
0
0
0
0
0
0
0
0
0
0
0
0
0
0
0
0
0
0
0
0
0
0
0
0
0
0
0
0
0
0
0
0
0
0
0
0
0
0
0
0
0
0
0
0
0
0
0
0
0
0
0
0
0
0
0
0
0
0
0
0
0
0
0
0
0
0
0
0
0
0
0
0
0
0
0
0
0
0
0
0
0
0
0
0
0
0
0
0
0
0
0
0
0
0
0
0
0
0
0
0
0
0
0
0
0
0
0
0
0
0
0
0
0
0
0
0
0
0
0
0
0
0
0
0
0
0
0
0
0
0
0
0
0
0
0
0
0
0
0
0
0
0
0
0
0
0
0
0
0
0
0
0
0
0
0
0
0
0
0
0
0
0
0
0
0
0
0
0
0
0
0
0
0
0
0
0
0
0
0
0
0
0
0
0
0
0
0
0
0
0
0
0
0
0
0
0
0
0
0
0
0
0
0
0
0
0
0
0
0
0
0
0
0
0
0
0
0
0
0
0
0
0
0
0
0
0
0
0
0
0
0
0
0
0
0
0
0
0
0
0
0
0
0
0
0
0
0
0
0
0
0
0
0
0
0
0
0
0
0
0
0
0
0
0
0
0
0
0
0
0
0
0
0
0
0
0
0
0
0
0
0
0
0
0
0
0
0
0
0
0
0
0
0
0
0
0
0
0
0
0
0
0
0
0
0
0
0
0
0
0
0
0
0
0
0
0
0
0
0
0
0
0
0
0
0
0
0
0
0
0
0
0
0
0
0
0
0
0
0
0
0
0
0
0
0
0
0
0
0
0
0
0
0
0
0
0
0
0
0
0
0
0
0
0
0
0
0
0
0
0
0
0
0
0
0
0
0
0
0
0
0
0
0
0
0
0
0
0
0
0
0
0
0
0
0
0
0
0
0
0
0
0
0
0
0
0
0
0
0
0
0
0
0
0
0
0
0
0
0
0
0
0
0
0
0
0
0
0
0
0
0
0
0
0
0
0
0
0
0
0
0
0
0
0
0
0
0
0
0
0
0
0
0
0
0
0
0
0
0
0
0
0
0
0
0
0
0
0
0
0
0
0
0
0
0
0
0
0
0
0
0
0
0
0
0
0
0
0
0
0
0
0
0
0
0
0
0
0
0
0
0
0
0
0
0
0
0
0
0
0
0
0
0
0
0
0
0
0
0
0
0
0
0
0
0
0
0
0
0
0
0
0
0
0
0
0
0
0
0
0
0
0
0
0
0
0
0
0
0
0
0
0
0
0
0
0
0
0
0
0
0
0
0
0
0
0
0
0
0
0
0
0
0
0
0
0
0
0
0
0
0
0
0
0
0
0
0
0
0
0
0
0
0
0
0
0
0
0
0
0
0
0
0
0
0
0
0
0
0
0
0
0
0
0
0
0
0
0
0
0
0
0
0
0
0
0
0
0
0
0
0
0
0
0
0
0
0
0
0
0
0
0
0
0
0
0
0
0
0
0
0
0
0
0
0
0
0
0
0
0
0
0
0
0
0
0
0
0
0
0
0
0
0
0
0
0
0
0
0
0
0
0
0
0
0
0
0
0
0
0
0
0
0
0
0
0
0
0
0
0
0
0
0
0
0
0
0
0
0
0
0
0
0
0
0
0
0
0
0
0
0
0
0
0
0
0
0
0
0
0
0
0
0
0
0
0
0
0
0
0
0
0
0
0
0
0
0
0
0
0
0
0
0
0
0
0
0
0
0
0
0
0
0
0
0
0
0
0
0
0
0
0
0
0
0
0
0
0
0
0
0
0
0
0
0
0
0
0
0
0
0
0
0
0
0
0
0
0
0
0
0
0
0
0
0
0
0
0
0
0
0
0
0
0
0
0
0
0
0
0
0
0
0
0
0
0
0
0
0
0
0
0
0
0
0
0
0
0
0
0
0
0
0
0
0
0
0
0
0
0
0
0
0
0
0
0
0
0
0
0
0
0
0
0
0
0
0
0
0
0
0
0
0
0
0
0
0
0
0
0
0
0
0
0
0
0
0
0
0
0
0
0
0
0
0
0
0
0
0
0
0
0
0
0
0
0
0
0
0
0
0
0
0
0
0
0
0
0
0
0
0
0
0
0
0
0
0
0
0
0
0
0
0
0
0
0
0
0
0
0
0
0
0
0
0
0
0
0
0
0
0
0
0
0
0
0
0
0
0
0
0
0
0
0
0
0
0
0
0
0
0
0
0
0
0
0
0
0
0
0
0
0
0
0
0
0
0
0
0
0
0
0
0
0
0
0
0
0
0
0
0
0
0
0
0
0
0
0
0
0
0
0
0
0
0
0
0
0
0
0
0
0
0
0
0
0
0
0
0
0
0
0
0
0
0
0
0
0
0
0
0
0
0
0
0
0
0
0
0
0
0
0
0
0
0
0
0
0
0
0
0
0
0
0
0
0
0
0
0
0
0
0
0
0
0
0
0
0
0
0
0
0
0
0
0
0
0
0
0
0
0
0
0
0
0
0
0
0
0
0
0
0
0
0
0
0
0
0
0
0
0
0
0
0
0
0
0
0
0
0
0
0
0
0
0
0
0
0
0
0
0
0
0
0
0
0
0
0
0
0
0
0
0
0
0
0
0
0
0
0
0
0
0
0
0
0
0
0
0
0
0
0
0
0
0
0
0
0
0
0
0
0
0
0
0
0
0
0
0
0
0
0
0
0
0
0
0
0
0
0
0
0
0
0
0
0
0
0
0
0
0
0
0
0
0
0
0
0
0
0
0
0
0
0
0
0
0
0
0
0
0
0
0
0
0
0
0
0
0
0
0
0
0
0
0
0
0
0
0
0
0
0
0
0
0
0
0
0
0
0
0
0
0
0
0
0
0
0
0
0
0
0
0
0
0
0
0
0
0
0
0
0
0
0
0
0
0
0
0
0
0
0
0
0
0
0
0
0
0
0
0
0
0
0
0
0
0
0
0
0
0
0
0
0
0
0
0
0
0
0
0
0
0
0
0
0
0
0
0
0
0
0
0
0
0
0
0
0
0
0
0
0
0
0
0
0
0
0
0
0
0
0
0
0
0
0
0
0
0
0
0
0
0
0
0
0
0
0
0
0
0
0
0
0
0
0
0
0
0
0
0
0
0
0
0
0
0
0
0
0
0
0
0
0
0
0
0
0
0
0
0
0
0
0
0
0
0
0
0
0
0
0
0
0
0
0
0
0
0
0
0
0
0
0
0
0
0
0
0
0
0
0
0
0
0
0
0
0
0
0
0
0
0
0
0
0
0
0
0
0
0
0
0
0
0
0
0
0
0
0
0
0
0
0
0
0
0
0
0
0
0
0
0
0
0
0
0
0
0
0
0
0
0
0
0
0
0
0
0
0
0
0
0
0
0
0
0
0
0
0
0
0
